1 12.119590000 12.150550000  0.370677 0.0659673  -2.72814
2 12.150550999 12.184884999 0.0659929 -0.278089  -2.24036
3 12.184886000 12.221147000 -0.0561031   0.126795   -2.21829
4 12.221155000 12.254240000 0.188166 0.156576  -2.7064
5 12.254241999 12.291123999    0.123344 -0.00476646    -2.34993
6 12.291124999 12.336696999 -0.0190071  -0.187519    -1.3758
7 12.336698000 12.379845000 0.0861773 -0.396429  -1.10027
8 12.379845999 12.422697000 -0.206076 -0.277257  -1.29247
9 12.422697000 12.545104000   0.0496604 -0.00733129  -0.0865554
10 12.545105000 12.595142000 0.0714534 -0.047353    1.6237
11 12.595142000 12.628583000  0.0825635 -0.0737997    2.76241
12 12.628583000 12.658334999  0.103197 -0.187117   3.30987
13 12.658336000 12.686353999 -0.114342 -0.330817   3.60383
14 12.686355999 12.711498000 -0.214195  -0.51111   3.93132
15 12.711498000 12.734941000 0.0641909 -0.512983   4.20773
16 12.734941999 12.760068999 0.160944 0.042448  3.88113
17 12.760070000 12.788459000  0.101517 0.0719465   3.15533
18 12.788459000 12.819574000    0.3014 -0.152886   2.69551
19 12.819574000 12.851871000   0.323257 -0.0686765    2.65644
20 12.851871999 12.881432999   0.549058 -0.0562746    2.90834
21 12.881434000 12.911997000  0.413338 0.0265374   2.74637
22 12.911999000 12.946118000  0.256365 -0.118586   2.51745
23 12.946122000 12.982532000  0.172029 -0.108931   2.45779
24 12.982532000 13.022351999  0.234208 -0.142184   2.21355
25 13.022353999 13.064507999  -0.188271 -0.0866172    2.07114
26 13.064507999 13.108258000  -0.415936 -0.0272654    1.62707
27 13.108258999 13.150274999 -0.537927 -0.203241    1.1227
28 13.150274999 13.222303999  -0.35443 -0.172857  0.416941
29 13.222303999 13.284938999  -0.194232 -0.0413352   -1.43551
30 13.284940999 13.322159000 -0.11895 0.198056 -2.94812
31 13.322159999 13.354712000 0.129747  0.33712 -3.33148
32 13.354712999 13.386923000 -0.0503407    0.39077   -3.15836
33 13.386926000 13.419628000 0.0896915  0.150112  -2.94797
34 13.419628999 13.455215000   0.494752 0.00621986   -2.23101
35 13.455216999 13.494176000  0.125455 -0.610618  -2.23629
36 13.494176999 13.537508999 -0.0245101  -0.614487   -2.00575
37 13.537519000 13.571712000  0.10274 0.814336 -1.73698
38 13.571712000 13.601826000 0.355371 0.925286 -1.34496
39 13.601829000 13.636343999  0.198702  0.886677 -0.393906
40 13.636345000 13.670143999 0.221206 0.959335 0.166226
41 13.670143999 13.711738999  0.102626  0.709525 -0.218495
42 13.711738999 13.787412999 -0.218586  0.112367  0.457068
43 13.787414000 13.835810000 -0.101299 -0.491962  0.691485
44 13.835810000 13.876347999 -0.348951 -0.487483  0.469698
45 13.876348999 13.908551000 0.050379 -1.29852   0.1239
46 13.908551000 13.937634999  0.266451   -1.7683 0.0660233
47 13.937635999 13.974756999 -0.0641067   -1.05947  -0.243732
48 13.974757999 14.001596000 -0.303465  -1.74908 -0.213333
49 14.001596000 14.026864999 0.00604435   -2.08385 -0.0305049
50 14.026867999 14.051980999  0.458417  -2.11068 0.0504124
51 14.051982000 14.074081999 0.687903 -2.22381 0.255893
52 14.074083000 14.095067999 0.421353 -2.44342 0.330578
53 14.095067999 14.115039999 0.0774227  -2.43881   0.34399
54 14.115040999 14.135353000 0.0255844  -2.11583  0.216077
55 14.135353000 14.156003000 0.274052 -1.84945 0.204437
56 14.156003000 14.178016000  0.341553  -1.47391 0.0461069
57 14.178016000 14.207081000  0.087354 -0.959422 -0.119087
58 14.207081000 14.244732000   0.278423  -0.492608 -0.0811067
59 14.244732999 14.282328999  0.256975 -0.510305  0.162826
60 14.282328999 14.336563000 0.0682565  0.625594  0.271964
61 14.336563000 14.370023000 0.000921853    0.860074    0.133329
62 14.370023999 14.394571999 -0.225454   1.33971  0.418063
63 14.394575000 14.417427999 -0.172459   1.65755  0.442953
64 14.417432000 14.441892000 -0.135265   1.67692  0.286594
65 14.441892000 14.466604999 -0.172755   1.80982  0.208972
66 14.466604999 14.490311000 -0.176568   2.12525  0.190347
67 14.490311000 14.512507999  -0.326597    2.49669 -0.0340128
68 14.512507999 14.534768999 -0.250387   2.69725 -0.384958
69 14.534768999 14.558041000 -0.0169429    2.67484  -0.169146
70 14.558041000 14.581222999 -0.0105604    2.69121 -0.0413985
71 14.581224000 14.604218999  -0.148903    2.59156 -0.0138633
72 14.604219999 14.626922999 -0.0385344     2.3235   0.195027
73 14.626922999 14.647719000 0.00903307    2.22153   0.550028
74 14.647720000 14.667854000 -0.0252673     2.2432   0.496201
75 14.667855000 14.688899000 -0.0256383     1.9668   0.264297
76 14.688899000 14.712314000 -0.104795   1.55935  0.468368
77 14.712314000 14.734868000 -0.32314  1.62243 0.552103
78 14.734869000 14.757862000 -0.258247   1.60123  0.451557
79 14.757862000 14.784519000 -0.0475474    1.31567   0.285608
80 14.784519000 14.815496000 -0.225466   1.04015  0.362838
81 14.815498000 14.851587000 -0.403601  0.759881  0.237339
82 14.851587000 14.901315999 -0.437656  0.294226   0.34729
83 14.901328000 14.950248000   -0.163191   -0.509265 -0.00430394
84 14.950248000 14.975082999  -0.37283  -1.25157 -0.375966
85 14.975084000 14.997877000 -0.104564  -1.50382 -0.580408
86 14.997877999 15.021611999 0.0722149  -1.43975 -0.309451
87 15.021613000 15.041477999  0.186996  -1.94272 -0.352068
88 15.041477999 15.059492000 0.416239 -2.24315 -0.31371
89 15.059493000 15.079987999  0.250336  -1.90747 -0.290343
90 15.079987999 15.102209000 0.00420458   -1.89225  0.0115799
91 15.102209000 15.123368999  0.00188192    -2.18072 -0.00949772
92 15.123369999 15.143974999  0.170316  -2.48502 -0.355462
93 15.143974999 15.165608000  0.220544  -2.77993 -0.586123
94 15.165608999 15.189663000  0.109714  -2.54361 -0.443469
95 15.189663999 15.219019000 0.0488979  -1.86343 -0.438011
96 15.219019000 15.249809999  0.308439  -1.62762 -0.427113
97 15.249810999 15.275821999 0.333192  -2.0247 -0.20438
98 15.275823000 15.302103000 0.0230582  -1.84462 -0.013385
99 15.302103999 15.339955999 0.0229507 -0.968661 -0.116078
100 15.339958000 15.404179000 0.00360488   -0.46268  -0.173668
101 15.404180999 15.447408000 0.0237833   1.00065 -0.129338
102 15.447408999 15.482114000 -0.0193829    1.16244   0.013785
103 15.482114000 15.517224999 -0.0707164    1.28124   0.149532
104 15.517225999 15.546353999 -0.176633   1.86846  0.286615
105 15.546355000 15.573614000 -0.114132    2.1369  0.196411
106 15.573614999 15.600285999 -0.0890463    2.23619   0.215882
107 15.600285999 15.624941000 -0.281611   2.33589  0.200793
108 15.624941000 15.646797000 -0.132448   2.52047  0.189836
109 15.646797000 15.665380999 0.102294  2.66433 0.115237
110 15.665380999 15.682990999 0.302106  2.50708 0.270236
111 15.682990999 15.701200999 0.191403  2.30992  0.11888
112 15.701203999 15.720141000  0.175922   2.04483 -0.218563
113 15.720142000 15.739561000   0.35053   1.81026 -0.150109
114 15.739562000 15.761187000 0.0978275    1.6592 0.0236975
115 15.761187000 15.785075000 -0.132614   1.51438  0.165056
116 15.785075000 15.810414000 -0.209663   1.40555  0.044949
117 15.810414000 15.839703999  -0.0549424     1.19801 -0.00985807
118 15.839705000 15.875220999  -0.186947   0.934029 0.00799096
119 15.875221999 15.924166999 -0.235453  0.584689  0.172101
120 15.924166999 16.007619000 -0.0774133 -0.0163624   0.121322
121 16.007620000 16.043850999  -0.237047   -0.80581 -0.0441101
122 16.043851999 16.077092999 0.0526821 -0.993899 0.0220329
123 16.077092999 16.096741000   0.437552   -2.17874 -0.0791727
124 16.096742000 16.113237000 0.535178 -2.74752 0.013222
125 16.113238000 16.129973000  0.147064  -2.62102 0.0913266
126 16.129973000 16.148481999  -0.224992   -2.05905 -0.0972705
127 16.148481999 16.167132000  -0.48788  -1.79837 -0.228004
128 16.167132000 16.187027999 -0.0674045   -2.06898  -0.219533
129 16.187029000 16.205502000 0.424859 -2.55432   -0.113
130 16.205502999 16.223195999  0.601948   -2.9688 0.0594455
131 16.223197000 16.243254999 0.345558 -2.87933 0.297266
132 16.243254999 16.271285999 -0.00933095    -1.97312    0.169359
133 16.271285999 16.308093999 0.0589185  -1.38028 -0.284396
134 16.308093999 16.341085999 -0.182481  -1.63487 -0.550255
135 16.341085999 16.373300999  -0.47547   -1.3448 -0.460283
136 16.373302000 16.407648000 -0.445112  -1.06476 -0.557159
137 16.407648000 16.438623000 -0.324364   -1.4246 -0.574473
138 16.438623000 16.468968999 -0.335523   -1.2787 -0.256694
139 16.468968999 16.535657999 -0.0467634  0.0311662  -0.254598
140 16.535659999 16.578115999  0.303425  0.771325 0.0781792
141 16.578117999 16.610359000 0.198205  1.43562 0.356967
142 16.610359999 16.637641000 0.277771  2.04942 0.502628
143 16.637641000 16.663059999 0.158606  2.41803 0.462467
144 16.663061000 16.688038999 -0.03495  2.56384 0.398474
145 16.688038999 16.711236999 -0.0652032    2.52697   0.376953
146 16.711236999 16.732635000 -0.0136544    2.43995   0.102196
147 16.732639000 16.753465000 0.00119475    2.23979  0.0185043
148 16.753465000 16.773982999 0.0120444   2.20221 0.0721909
149 16.773984000 16.792295000  0.0209588    2.51065 0.00593744
150 16.792295000 16.809499999  0.048725   2.60953 -0.111132
151 16.809499999 16.826662999  0.209854   2.48675 -0.470094
152 16.826663999 16.844036999  0.391975   2.37572 -0.548369
153 16.844036999 16.862775999  0.440856   2.13685 -0.408524
154 16.862775999 16.884649000  0.358881   1.71318 -0.134703
155 16.884649999 16.911759999 0.0788132   1.38609  0.160759
156 16.911761000 16.945022000 -0.0252877     1.1388   0.163019
157 16.945023999 16.987271000 -0.0794562   0.877822   0.114806
158 16.987271999 17.062941000 -0.0688591   0.302976   0.478803
159 17.062953999 17.116442000 -0.0572519   -0.71872   0.234216
160 17.116442999 17.143676999 -0.512899  -1.27708 -0.115745
161 17.143677999 17.166079999 -0.610291   -1.5267 -0.215991
162 17.166081000 17.186739999 -0.00247843    -2.27356   0.0228615
163 17.186739999 17.205357000 0.245037 -2.47054  0.13967
164 17.205357000 17.224593000 -0.0991205   -2.16193 -0.0308694
165 17.224593000 17.241889999 -0.863342   -1.8548 -0.522459
166 17.241889999 17.258373000 -0.895869  -1.85602 -0.811212
167 17.258373999 17.276287999 -0.236655  -2.06733 -0.815256
168 17.276289000 17.295544999  0.450353  -2.13254 -0.721813
169 17.295544999 17.315247000  0.602605  -2.27567 -0.752425
170 17.315247000 17.335824999  0.100641  -2.33916 -0.646164
171 17.335824999 17.359018999 -0.191761  -1.94679  -0.48288
172 17.359019999 17.385993000 -0.0218215   -1.76058  -0.143328
173 17.385993999 17.415118000 0.00871806   -1.81929 -0.0789961
174 17.415118000 17.445455999 0.000864805    -1.78418   0.0111202
175 17.445456999 17.490387000  0.102175 -0.974377 -0.131609
176 17.490388000 17.529016000 -0.0368124   -1.24257  -0.150309
177 17.529017000 17.568094000 -0.0214252     -1.134 -0.0942785
178 17.568094000 17.628248000  0.147322 -0.579992 -0.260498
179 17.628248000 17.681179999  0.164349  0.736222 -0.349547
180 17.681181000 17.711793999 0.00983728    1.68276  -0.135506
181 17.711795000 17.738705999 -0.0361257    2.22203   0.126174
182 17.738707000 17.765289000 -0.336718   2.41501  0.501026
183 17.765289000 17.789773999 -0.517741   2.48506  0.520675
184 17.789775000 17.811304999 -0.479653    2.6487  0.675541
185 17.811306000 17.830218000 -0.47195  2.73014 0.780543
186 17.830218000 17.848165000 -0.576045   2.58696  0.505213
187 17.848165000 17.866752000 -0.546343   2.29615   0.29353
188 17.866753000 17.887456999 -0.380257   1.84875   0.23874
189 17.887458000 17.908710999 -0.216293   1.73452  0.315629
190 17.908710999 17.929005999 -0.238819   1.87522  0.193241
191 17.929008999 17.950128999 -0.0484521    1.77013  0.0428922
192 17.950128999 17.973581999 -0.00362442     1.54181  -0.0968779
193 17.973581999 17.999809999 -0.0358213    1.34338  -0.144653
194 17.999810999 18.032168000 -0.312717  0.900582 -0.344551
195 18.032169000 18.078660000 -0.292903  0.443208  -0.11695
196 18.078660999 18.147821999  -0.228687   0.138217 -0.0510408
197 18.147823999 18.239516000    0.115192 -0.00803742   0.0069799
198 18.239521999 18.272760000  0.534581 -0.832781 0.0174166
199 18.272760000 18.295969999 0.681316 -1.53722  0.17292
200 18.295970999 18.314740999 0.688858 -2.17834 0.182812
201 18.314742000 18.331549999 0.533117 -2.54727 0.192141
202 18.331553000 18.347709000 0.367509 -2.75709 0.188609
203 18.347709000 18.363287999  0.102974  -2.90696 0.0748701
204 18.363287999 18.379050000  0.0257425   -2.99856 -0.0211465
205 18.379050000 18.395543999   0.117485   -3.06265 -0.0279707
206 18.395543999 18.413051000  0.286216  -3.04479 0.0678481
207 18.413051999 18.433065000  0.174207  -2.75581 0.0435744
208 18.433065999 18.455888000 -0.0573923   -2.49212 -0.0722594
209 18.455888000 18.478143000  -0.34859  -2.51534 -0.296141
210 18.478143000 18.501707999 -0.0946218   -2.44727  -0.188296
211 18.501709000 18.530025000  0.297387  -1.81203 -0.236461
212 18.530025000 18.557771000   0.575617   -1.69142 -0.0926715
213 18.557771999 18.582001000 0.423878   -2.057 0.157956
214 18.582001000 18.604418999 0.140366 -2.10023 0.434364
215 18.604418999 18.631210000 0.102636 -1.49061 0.302892
216 18.631210999 18.680635000  0.220472 -0.534128 -0.112738
217 18.680638000 18.745444999 0.0460943   0.38075 -0.387593
218 18.745445999 18.799103000  0.0127865   0.717995 -0.0106802
219 18.799103999 18.852151000 0.213168 0.667948  0.17301
220 18.852151999 18.888603999 0.0700051   1.32035  0.104967
221 18.888605000 18.923533999 -0.0258189     1.4918  -0.143703
222 18.923534999 18.952420999 0.0122179   2.19497 -0.192212
223 18.952420999 18.978502999  -0.0108332     2.76756 -0.00497751
224 18.978502999 19.002587000 -0.248732   2.93225  0.216247
225 19.002588000 19.024835999 -0.320836   2.74834  0.297833
226 19.024835999 19.045153000 -0.15178  2.60697  0.49509
227 19.045153000 19.065225000 -0.0689789    2.46105   0.415584
228 19.065225000 19.085032000 -0.0491215     2.3835   0.163498
229 19.085032000 19.105143000 -0.0127851    2.17548  0.0671566
230 19.105143000 19.126776999 0.00740105    1.93167  0.0182585
231 19.126776999 19.148539000 0.0689996   1.92808 0.0582197
232 19.148539999 19.169694999   0.376011    1.86959 -0.0446657
233 19.169696000 19.191885000 0.489333  1.65043 -0.19003
234 19.191885999 19.217236000  0.273176   1.55218 -0.178597
235 19.217236000 19.249815000 0.0224625   1.17867  0.020437
236 19.249816000 19.298502999 -0.131238  0.682569  0.239423
237 19.298508000 19.383806999 0.0163709 -0.258318  0.223004
238 19.383812000 19.433707000 -0.0610244  -0.603552  -0.345787
239 19.433711999 19.467674000 -0.0905429   -1.04437  -0.391417
240 19.467674999 19.498949999 -0.183989  -1.02274 -0.330002
241 19.498951000 19.523974999 -0.321839  -1.35481 -0.420533
242 19.523975999 19.545094999 -0.111722  -1.91267 -0.364108
243 19.545094999 19.565596999 -0.0355315    -2.0019  -0.173214
244 19.565599999 19.586153999 -0.0500167   -1.95849   -0.18209
245 19.586153999 19.608195000 -0.0226929   -1.77133  -0.213814
246 19.608196000 19.633436000  0.043684  -1.56638 -0.321269
247 19.633436000 19.658687999 -0.0590117   -1.65371  -0.282167
248 19.658689000 19.685883999  -0.40459   -1.2308 -0.358415
249 19.685885000 19.761535000 -0.153567 -0.159019 -0.174567
250 19.761539000 19.835934000  -0.240001 -0.0840571   0.227251
251 19.835935999 19.941118999  0.0239075  -0.160287 -0.0135732
252 19.941118999 19.992399999   0.559161 -0.0482464 -0.0366769
253 19.992399999 20.021932999   1.14653  0.198722 -0.111146
254 20.021932999 20.048865000    1.39865 -0.0566388  -0.230182
255 20.048865000 20.075742000    1.50536 -0.0332968  -0.221922
256 20.075746000 20.100136999    1.8164  0.319875 -0.295701
257 20.100136999 20.122857000   1.92726  0.561205 -0.200208
258 20.122857000 20.147958000   1.82498  0.369284 0.0317377
259 20.147958000 20.176447000   1.6146 0.347177 0.383404
260 20.176447000 20.209622999  1.38103 0.215202  0.43562
261 20.209624000 20.250124000    1.13777 -0.0737478   0.358606
262 20.250130000 20.304174999  0.899943 0.0227555 0.0740951
263 20.304177999 20.404007999 0.511887 -0.15259 0.218214
264 20.404020999 20.457034999  -1.19477 -0.152342   0.24788
265 20.457034999 20.483741000  -2.04115  0.116938 -0.065303
266 20.483741000 20.504917999   -2.47628 0.00944059  -0.196391
267 20.504918999 20.524023999  -2.66246   0.16837 -0.216096
268 20.524023999 20.541956000   -2.72173   0.535688 -0.0473447
269 20.541956000 20.558784999  -2.76544  0.770503 -0.014852
270 20.558788999 20.574492000   -2.88373   0.695441 -0.0726273
271 20.574492000 20.589512000  -2.97408  0.526826 -0.239537
272 20.589512000 20.603928999  -2.97048  0.682004 -0.225952
273 20.603928999 20.618067999 -2.87375 0.978362 -0.16213
274 20.618067999 20.631749999     -2.79008     0.977522 -0.000845661
275 20.631750999 20.645242999   -2.74719   0.622715 -0.0761508
276 20.645242999 20.658790000  -2.66698 0.0519006 -0.304343
277 20.658790999 20.672465999   -2.53715 -0.0593337  -0.437848
278 20.672466999 20.686688999    -2.2479 -0.0187984  -0.446524
279 20.686688999 20.702935999  -1.78885  0.120368 -0.427615
280 20.702935999 20.721330000 -1.39266 0.450872 -0.19296
281 20.721330000 20.742912999   -1.0754  0.287815 -0.390759
282 20.742914000 20.769519999 -0.780342   0.12339 -0.420706
283 20.769519999 20.808762000 -0.381977  0.293789 -0.055096
284 20.808763000 20.882741000 -0.0136472  0.0210493   0.174322
285 20.882741999 20.914589999   0.689099 -0.0417327     0.2438
286 20.914589999 20.939453999    0.973514 -0.00433475    0.199115
287 20.939453999 20.959512999   1.33774 0.0245299  0.190763
288 20.959514000 20.977472999  1.63355 0.013629  0.27544
289 20.977473999 20.994162999    1.91383 -0.0277867   0.233247
290 20.994162999 21.010007000    2.13156 -0.0955835   0.249391
291 21.010008000 21.025691000    2.23476 -0.0372815   0.231439
292 21.025691000 21.042616999   2.12282 0.0124566  0.245805
293 21.042617999 21.060868999  1.93228 0.254377 0.280004
294 21.060868999 21.079599000    2.0018 0.0434963  0.088977
295 21.079600000 21.098169000   2.11276 0.0206434 0.0830809
296 21.098173000 21.117251000   2.09513 0.0428002  0.177792
297 21.117251000 21.137459000  1.98548  0.16203 0.165523
298 21.137459000 21.158171000   1.99317  0.414852 0.0649588
299 21.158171000 21.179816000   1.90548  0.437281 0.0447559
300 21.179816999 21.205022999  1.71128 0.167993 0.244689
301 21.205022999 21.232673000  1.58949 0.105803 0.599285
302 21.232674000 21.268272999   1.23878 0.0833909  0.486445
303 21.268272999 21.312119999  1.10798 0.174775 0.354862
304 21.312125000 21.434704999 0.454954 0.112164 0.181668
305 21.434706000 21.479224000  -1.24632  -0.23975 -0.293994
306 21.479225000 21.508221000  -1.65903 -0.323897 -0.283698
307 21.508222999 21.533882000   -1.7545 -0.117211 -0.332671
308 21.533882000 21.556569000    -2.0158 -0.0176797  -0.320546
309 21.556569000 21.575633999  -2.38886  0.251514 -0.496109
310 21.575635000 21.593362999    -2.5298 -0.0350327  -0.452329
311 21.593362999 21.610629999    -2.4567 -0.0584205  -0.300295
312 21.610630999 21.627740000   -2.34928 -0.0438266  -0.143134
313 21.627740000 21.644074999   -2.45206 -0.0278229  0.0418056
314 21.644074999 21.659685000   -2.49743 -0.0755739  0.0928345
315 21.659685000 21.675027999    -2.4209 -0.0258763   0.106138
316 21.675029000 21.691426999   -2.08699 -0.0147884    0.16644
317 21.691426999 21.709673000  -1.69588 -0.011218 0.0605801
318 21.709677000 21.728879000    -1.53378 2.38165e-05  -0.0854642
319 21.728879000 21.748430999  -1.36784  0.021696 -0.171419
320 21.748431999 21.769826000      -1.15   0.306206 -0.0508775
321 21.769827000 21.791720000  -1.08975 0.0563006 -0.119496
322 21.791720000 21.814687999  -1.00943 0.0320333 -0.107899
323 21.814688999 21.840390000 -0.788979  0.229024  0.189593
324 21.840390000 21.865778999 -0.818577  0.267207  0.218372
325 21.865779999 21.899603999 -0.547789  0.292314  0.126644
326 21.899607000 21.954677999 0.280022 0.168531 0.199745
327 21.954679000 21.985536000  0.51295 0.382208 0.202567
328 21.985538000 22.010430999 0.769786 0.365793 0.243725
329 22.010430999 22.032263999 0.963297 0.420429 0.355983
330 22.032263999 22.052189000  1.12817 0.510852 0.402491
331 22.052189000 22.070242999  1.25711 0.695188   0.4442
332 22.070242999 22.087753000  1.36576 0.764237 0.469801
333 22.087753999 22.105447000  1.49259 0.621957 0.574532
334 22.105448000 22.123507999  1.51168 0.558007 0.680216
335 22.123507999 22.142985000  1.39732 0.493637 0.600065
336 22.142985000 22.164070999  1.32526 0.352425   0.4499
337 22.164070999 22.184979000  1.48162 0.308182 0.332604
338 22.184980000 22.206339999  1.54997 0.273406 0.259002
339 22.206342000 22.229118999   1.57759 0.0209576 0.0695804
340 22.229120000 22.252307000     1.64525 0.000413671   0.0566271
341 22.252307000 22.276975999   1.36102  0.394654 0.0925896
342 22.276981000 22.304434999     1.35947  -0.0100192 -0.00125281
343 22.304436999 22.331509999   1.53031 0.0142311  0.129088
344 22.331511000 22.371675999  0.834842 0.0269385   0.19079
345 22.371677000 22.411787999  0.867815 -0.381076  0.217255
346 22.411787999 22.501613000   0.474242 -0.0231296  -0.167426
347 22.501613999 22.577405999  -0.352058 -0.0479419  -0.198111
348 22.577410999 22.605613000   -1.5469 -0.185688 -0.666996
349 22.605613000 22.626271000  -2.12067 -0.415225 -0.774472
350 22.626271000 22.645145000  -2.08534 -0.529182 -0.682345
351 22.645145000 22.663559000  -1.98709 -0.520587 -0.541174
352 22.663559000 22.681641999  -1.94047 -0.434088  -0.54597
353 22.681642999 22.699493999  -1.94261 -0.419021 -0.471242
354 22.699495000 22.717564999  -1.82061 -0.392309 -0.325434
355 22.717564999 22.736006999  -1.67062 -0.360423 -0.243113
356 22.736009000 22.755149000   -1.60263 -0.0658367  -0.155738
357 22.755149000 22.773957000   -1.64234 -0.0372817  -0.201868
358 22.773957000 22.792007000   -1.67816 -0.0486887  -0.214106
359 22.792008000 22.811771999   -1.41019 -0.0224408  -0.100206
360 22.811771999 22.834259000   -1.07753  0.0185821 -0.0428941
361 22.834259999 22.856295000    -1.12618 -0.00346866   -0.126267
362 22.856296999 22.877183000   -1.20783 -0.0189406  -0.139822
363 22.877183000 22.908886000  -0.644864 -0.0220583  0.0517122
364 22.908886999 22.979601000   0.112591  -0.127206 -0.0694315
365 22.979602999 23.016219999   0.561595 -0.0307148  -0.116485
366 23.016221000 23.041227999    1.03025  0.0205621 -0.0892712
367 23.041228999 23.063872999    1.16219 0.00384853  0.0251382
368 23.063874000 23.083854000   1.38927 -0.100709 0.0618067
369 23.083854000 23.101768999   1.73495 -0.132933 0.0878778
370 23.101770000 23.119964000   1.78645 0.0230914 0.0788636
371 23.119964000 23.139629999  1.63093 0.116264 0.080465
372 23.139630999 23.159498999    1.63191 -0.0549362  0.0476367
373 23.159499999 23.177383999    1.97569  -0.577717 -0.0453109
374 23.177383999 23.195376000   2.01022  -0.48523 0.0108816
375 23.195376000 23.215745000    1.80087 0.00654289  0.0106156
376 23.215746000 23.239507999    1.4928  0.227742 -0.045621
377 23.239507999 23.266524999    1.30469 -0.0223927 -0.0579785
378 23.266526999 23.294839999   1.25602 -0.227619   0.11458
379 23.294839999 23.325345000   1.23343 0.0429056  0.264283
380 23.325346000 23.361438000   1.05814 0.0406448  0.239053
381 23.361438999 23.410898999  0.621486 -0.258615  0.587602
382 23.410901999 23.543090000  0.145789 -0.136785  0.168151
383 23.543091999 23.621425000  -0.457676  -0.152775 -0.0387629
384 23.621426000 23.659967000   -1.00487 -0.0835302  -0.331358
385 23.659968000 23.689420000  -1.26618 -0.327373 -0.176888
386 23.689421000 23.717287999   -1.39428 -0.0134532 0.00950558
387 23.717287999 23.741674000  -1.55238 -0.028798 -0.121947
388 23.741674999 23.767716999   -1.27865 -0.0246393  -0.161713
389 23.767719999 23.794770999   -1.09549   0.303478 -0.0232371
390 23.794772000 23.821720999  -1.11317 0.0163826  -0.15869
391 23.821720999 23.865658999 -0.509338 0.0104691 0.0243886
392 23.865660000 23.971943000 0.00429763 -0.0698237 -0.0160103
393 23.971946999 24.053250000  0.230695 0.0111661  -0.35774
394 24.053250000 24.104825000   0.32888  0.172192 -0.888604
395 24.104826000 24.147620999  0.415821 0.0923214  -1.28379
396 24.147622000 24.185909999 0.453509 0.181311 -1.80044
397 24.185910999 24.220861999 0.423872 0.352078 -2.25361
398 24.220865999 24.257327999 0.531617 0.133433 -2.44245
399 24.257327999 24.301790999  0.359531 0.0416749  -2.00609
400 24.301792999 24.350707999    0.315481 0.000262226    -1.81537
401 24.350709000 24.394377000 0.332131 0.283974 -1.93212
402 24.394378000 24.447643000  0.328828 -0.137772  -1.51615
403 24.447643999 24.498257999  0.216872 0.0272506   -1.8233
404 24.498258999 24.560157999 0.0734734 0.0106821  -1.44462
405 24.560159000 24.708550999  0.0280394  0.0406702 -0.0701463
406 24.708551999 24.767525999  -0.312031 -0.0660874    1.71121
407 24.767525999 24.806168999 -0.422851 -0.174327   2.58013
408 24.806170000 24.842045999 -0.461707 -0.119781   2.80029
409 24.842049000 24.875610000 -0.415413 -0.258229   3.17302
410 24.875611000 24.908360000 -0.623014 -0.293872   3.20932
411 24.908360000 24.937680999  -0.49601 -0.382059   3.49157
412 24.937682000 24.966061999   -0.619204 -0.00213267      3.4012
413 24.966061999 24.995811000 -0.542278  -0.17001   2.68647
414 24.995811000 25.023266000 -0.270515 -0.455739   2.99581
415 25.023266000 25.050383999 -0.605726 -0.100609   3.15986
416 25.050385000 25.080558999  -0.40552 -0.120247   2.63443
417 25.080561999 25.111428999 -0.111481  -0.20482   2.55308
418 25.111428999 25.143009000 -0.332472 -0.118161   2.49975
419 25.143009999 25.176788999 -0.0645609  -0.248366    2.36864
420 25.176790999 25.211418999  -0.158215 -0.0910805    2.43393
421 25.211418999 25.252175999 0.00221145  -0.221257    1.88946
422 25.252178999 25.315969999 -0.129669  -0.16278   1.02813
423 25.315977000 25.379434999 -0.190063  0.296153  -1.17266
424 25.379435999 25.414338999 0.0281492  0.486857  -1.93687
425 25.414340000 25.442683000 -0.209867  0.362843   -2.8524
426 25.442683999 25.466573000 -0.123054  0.449228  -3.56879
427 25.466574999 25.488114000 0.210518 0.773219 -3.79584
428 25.488114999 25.508946999 0.498135 0.896967 -3.71484
429 25.508948000 25.531381999 0.478328 0.627075 -3.34989
430 25.531381999 25.557658999   0.2849 0.358066  -2.6431
431 25.557659999 25.585407999 0.216899 0.348271   -2.406
432 25.585407999 25.610582999 0.443371 0.493823    -2.73
433 25.610587999 25.634660000 0.452653 0.560511  -2.9208
434 25.634660000 25.657910999 0.197172 0.545526 -3.11389
435 25.657910999 25.680976999 0.0977153  0.573527  -3.17352
436 25.680978000 25.706822999 0.114584 0.443384 -2.79071
437 25.706824000 25.738398000 0.204042 0.245635 -2.22584
438 25.738398000 25.769429999 0.149636 0.113725 -2.39835
439 25.769432000 25.803951000   0.201334 -0.0821549   -2.12605
440 25.803951000 25.846676999  0.34301 0.288498 -1.61803
441 25.846676999 25.892222000 0.202249 0.270021  -1.5392
442 25.892226999 25.955336999 0.220266 0.327016 -0.60185
443 25.955336999 26.007412000   0.123541 -0.0317719    1.19413
444 26.007412999 26.038991999 -0.137789 -0.419998   2.72405
445 26.038991999 26.066115999  -0.34319 -0.578824   3.43504
446 26.066115999 26.089738000 -0.472089 -0.758056   3.94946
447 26.089739000 26.112191000 -0.557169 -0.732162   4.16531
448 26.112194000 26.133876999 -0.509527 -0.755478   4.07692
449 26.133876999 26.154512999 -0.489793 -0.838954   4.09453
450 26.154512999 26.173847999  -0.61657 -0.967051     4.417
451 26.173847999 26.192142999 -0.805565  -1.07341   4.68218
452 26.192143999 26.210601999 -0.874594  -1.13817   4.54595
453 26.210601999 26.229469999 -0.724703  -1.05184   4.38466
454 26.229471000 26.249636999 -0.517492  -1.00458   4.25352
455 26.249636999 26.272759999 -0.297752 -0.815751   3.71625
456 26.272759999 26.306260000 -0.139305  -0.27974   2.41468
457 26.306260999 26.350674000  0.261106 -0.241098   1.60706
458 26.350674000 26.406148000 0.0990382  0.127838   1.27662
459 26.406151999 26.468755999   0.273628   0.332657 -0.0692867
460 26.468757000 26.512592000 0.197791 0.394754 -1.45476
461 26.512592000 26.544271000 0.218946 0.508726  -2.4767
462 26.544271000 26.571246000 0.358763 0.582216 -3.09032
463 26.571246999 26.598395999 0.342892 0.401921 -3.07824
464 26.598395999 26.625536999 0.208333 0.326249 -2.92703
465 26.625537999 26.652410999 0.183903 0.377978 -2.88794
466 26.652411999 26.678836999 0.416509 0.482801 -2.85245
467 26.678836999 26.703527999 0.520337 0.553287 -2.96148
468 26.703527999 26.727352999 0.502291 0.652656 -3.15289
469 26.727352999 26.751927000  0.47129 0.649027 -3.11506
470 26.751927999 26.779020999 0.309916 0.484794 -2.88855
471 26.779023000 26.806538999 0.187807 0.488372 -2.87387
472 26.806541000 26.832571999 0.228751 0.686253 -3.06597
473 26.832573000 26.857559000 0.287446 0.863629 -3.33172
474 26.857561000 26.884512999 0.492555 0.766781 -3.28901
475 26.884514000 26.915508999 0.715524 0.494424 -2.71828
476 26.915508999 26.957686000 0.536035 0.248724 -1.66014
477 26.957688000 27.006036999 0.599398 0.210579 -1.19443
478 27.006038000 27.053963999 0.515837 0.370271 -1.27096
479 27.053969999 27.134146999  0.156178 -0.373455   1.13237
480 27.134149999 27.175822999  -0.27925 -0.440331   1.90107
481 27.175823999 27.218217999 -0.423569 -0.284201   1.83076
482 27.218219000 27.253444000 -0.365281 -0.226131   2.48255
483 27.253444000 27.285831000 -0.571264 -0.276396   2.80326
484 27.285833999 27.314443000 -0.505614 -0.681689   3.10846
485 27.314444999 27.339083999 -0.56067 -1.03299  3.46837
486 27.339083999 27.361935000 -0.658681  -1.12054   3.35401
487 27.361935999 27.383289000 -0.517817  -1.37147   3.07371
488 27.383290999 27.405093999 -0.33459  -1.2847   2.9535
489 27.405097000 27.429427000 -0.378799   -1.0033    2.5251
490 27.429427000 27.453526999 -0.393815  -1.19801   1.68333
491 27.453526999 27.476919999 -0.215677  -1.42746   1.42025
492 27.476919999 27.506089000 -0.168853 -0.964335   1.47683
493 27.506089000 27.539729999 -0.117409 -0.854978   1.29059
494 27.539729999 27.566639000 -0.277785  -1.29336    1.6234
495 27.566639999 27.596988999 -0.500728 -0.895551   1.64252
496 27.596988999 27.639045999 -0.224137 -0.714932  0.989429
497 27.639047000 27.686384999 -0.0900843  -0.709351   0.997928
498 27.686384999 27.740099999  0.343979 -0.459087  0.803611
499 27.740104000 27.795430999  0.388442  0.553743 -0.458545
500 27.795431999 27.828738999  0.42803  1.06173 -1.13935
501 27.828740000 27.853534000 0.637291  1.64634 -1.51673
502 27.853534999 27.874065000 0.651944  2.02496 -1.84523
503 27.874065000 27.893455999 0.536068   2.1348 -2.08489
504 27.893457000 27.911895999  0.40579  2.25263 -2.25019
505 27.911897000 27.930446999 0.378819  2.08162  -2.3116
506 27.930446999 27.949339000 0.444435  1.87129 -2.10765
507 27.949344000 27.969145000 0.545543  1.64287 -1.82651
508 27.969145000 27.989867999 0.560669  1.53612 -1.48633
509 27.989867999 28.010066999 0.598207  1.67901 -1.37823
510 28.010068000 28.029794000 0.805083  1.73309 -1.39403
511 28.029794000 28.051160999 1.08147 1.47002 -1.3336
512 28.051162000 28.076533000 0.932688  1.26838 -1.23542
513 28.076533000 28.110072999 0.575505 0.996011 -1.12879
514 28.110074000 28.158957999  0.355797  0.650916 -0.846268
515 28.158959000 28.232708000  0.112349  0.101272 -0.610733
516 28.232708999 28.262720000 -0.857765  -1.05248 -0.170883
517 28.262722999 28.282242000 -1.41088 -1.86401 0.226295
518 28.282242999 28.298686999 -1.59264 -2.27247  0.55324
519 28.298686999 28.313583999 -1.56363 -2.39336 0.746443
520 28.313585000 28.327957000  -1.5063 -2.27705 0.782711
521 28.327957000 28.341731000 -1.52483 -2.18572 0.589779
522 28.341731000 28.354803000 -1.50777 -2.26996 0.261913
523 28.354803999 28.367499999  -1.49051  -2.32422 0.0864878
524 28.367501000 28.380371000  -1.3695 -2.22604 0.150364
525 28.380371999 28.394811000 -1.03083 -1.96402 0.429044
526 28.394812999 28.412091999 -0.524186  -1.63495  0.680049
527 28.412091999 28.430587000 -0.0158684   -1.76854   0.600724
528 28.430587999 28.448368000 0.196763 -2.14884 0.712088
529 28.448368999 28.465523000 0.314201 -2.36236 0.985806
530 28.465524000 28.483505999 0.515853 -2.38038  1.47406
531 28.483505999 28.501598999 0.944206 -2.48212  1.92485
532 28.501600000 28.520682999  1.05572 -2.25867  2.23891
533 28.520682999 28.542959999 0.790399 -1.86035  2.31008
534 28.542959999 28.566464000 0.853969 -1.72036  1.99715
535 28.566464999 28.590381999  1.30499 -1.29473  1.46761
536 28.590381999 28.614102000  1.54671 -0.83734 0.962695
537 28.614102000 28.638877999   1.55833 -0.259812  0.628228
538 28.638877999 28.662939999  1.61264  0.49033 0.163396
539 28.662941000 28.687501000   1.65099  0.851983 -0.284267
540 28.687501000 28.712118999   1.70364  0.945475 -0.443584
541 28.712119999 28.734898999   1.78706   1.49031 -0.608432
542 28.734898999 28.758186000    1.7181   1.58068 -0.597916
543 28.758186999 28.785147000   1.34314   1.28458 -0.522942
544 28.785147999 28.813900999   1.10387   1.29285 -0.412493
545 28.813901999 28.841250000   1.03615    1.5484 -0.477888
546 28.841252000 28.870408000  0.857108    1.6193 -0.617687
547 28.870409999 28.907873999  0.417212   1.49864 -0.746183
548 28.907875000 28.951272999  -0.19241   1.28788 -0.917684
549 28.951274000 28.988100000 -0.870959  0.869932  -1.04461
550 28.988100999 29.016128000 -1.49253 0.198263 -1.27867
551 29.016128000 29.037480000 -1.99559 0.137049 -1.62384
552 29.037480000 29.057417999 -1.96293 0.119474 -1.83572
553 29.057417999 29.079447999   -1.55351 -0.0892725   -1.72594
554 29.079449000 29.104703999  -1.15485 -0.221126  -1.45629
555 29.104703999 29.130915000  -1.00581 -0.484289  -1.04816
556 29.130915000 29.159620000 -0.488535 -0.797053 -0.673763
557 29.159620999 29.183705000  0.160306  -1.69562 -0.310702
558 29.183705000 29.204689000 0.474241 -2.31956 0.131832
559 29.204689000 29.225953999 0.400397 -2.30649 0.753737
560 29.225954999 29.248108000 0.350866 -2.33708   1.2127
561 29.248110000 29.270481000 0.374661 -2.50564  1.51915
562 29.270481000 29.292709000 0.266978 -2.74468  1.77655
563 29.292709000 29.315487000 -0.0777127    -2.6148    1.74391
564 29.315488000 29.342424999 -0.359636  -1.78817   1.49719
565 29.342426000 29.379342999 0.102199 -1.13205 0.925447
566 29.379342999 29.419443999 0.125939 -1.08755 0.709591
567 29.419445000 29.485644999  0.431718  0.686743 -0.360987
568 29.485646000 29.521916000  0.569822   1.36947 -0.335359
569 29.521916000 29.549466000  0.627313   2.27293 -0.622551
570 29.549468000 29.575627000  0.725378   2.39173 -0.547305
571 29.575628000 29.601125999  0.622359   2.23312 -0.425658
572 29.601126999 29.626944999 0.348729  2.09543 -0.24411
573 29.626946000 29.656064999 -0.0689062    1.86391   -0.13687
574 29.656064999 29.682349000 -0.596082   1.82636 -0.442356
575 29.682349999 29.709031000  -0.70565   1.39738 -0.653162
576 29.709032999 29.738962999 -0.594518   1.09536 -0.523063
577 29.738962999 29.772055000 -0.101793   1.10193 -0.914041
578 29.772055999 29.803347000 0.00409849    1.20555    -1.1397
579 29.803347999 29.834242999 -0.296211   1.10718  -1.64148
580 29.834242999 29.871144999 -0.199593  0.866964  -1.43484
581 29.871144999 29.917197999 0.0542794  0.763392 -0.829292
582 29.917197999 29.967161000 -0.240737  0.723781 -0.607148
583 29.967162000 30.019997999   0.156706   0.559835 -0.0589602
584 30.019998999 30.086217000 -0.156306 -0.439872  0.624359
585 30.086218000 30.113885000 -0.407087  -1.65044   1.43576
586 30.113885999 30.134337999 -0.638728  -2.27251   1.71486
587 30.134339000 30.152495000 -0.886758  -2.30783    1.6029
588 30.152495000 30.169161000 -1.07515 -2.17256   1.3623
589 30.169161000 30.184414000 -1.18713 -2.29232   1.1104
590 30.184414000 30.198556000 -1.21967 -2.45358  1.05585
591 30.198556000 30.212470000 -1.25653 -2.40376  1.06732
592 30.212471999 30.227014999 -1.23791 -2.27121   1.0067
593 30.227014999 30.242000000 -1.24495 -2.08094 0.833601
594 30.242000000 30.257546000 -1.29696 -1.90034 0.584746
595 30.257547000 30.273670999 -1.26417 -1.66439 0.398805
596 30.273672000 30.291768000  -1.13865  -1.12939 0.0996054
597 30.291769000 30.315432999 -0.777626 -0.624876 -0.276811
598 30.315432999 30.343574000 -0.575672 -0.511491 -0.534158
599 30.343577000 30.371863000 -0.666096 -0.395398 -0.583043
600 30.371866000 30.418426999 -0.278776 -0.201364 -0.669583
601 30.418432000 30.459042000  0.463654 -0.411491 -0.305178
602 30.459042999 30.493397000  0.577227 -0.627516 0.0593272
603 30.493397000 30.517673999  1.08043 -1.02089 0.276659
604 30.517673999 30.539185999  1.48709 -1.05779  0.33812
605 30.539185999 30.558508999  2.00258 -1.26595 0.523405
606 30.558509999 30.577980000  2.30744 -1.12212 0.994359
607 30.577980999 30.599110000   2.17014 -0.617836   1.36485
608 30.599110000 30.622364000   1.99145 -0.226975  0.969058
609 30.622365000 30.646818000   1.92495 0.0354341  0.267668
610 30.646818000 30.672150000    1.78088   0.513109 -0.0226123
611 30.672150999 30.698252000   1.64157  0.845621 -0.300241
612 30.698252000 30.728881999   1.30461  0.755248 -0.231879
613 30.728886000 30.768129999  0.865183  0.737112 -0.259204
614 30.768129999 30.809570999  0.673398   1.03452 -0.540866
615 30.809572000 30.862349999 0.148911 0.964087 -0.61421
616 30.862352999 30.912680000 -0.248093  0.978254 -0.722913
617 30.912682999 30.948933999 -0.704233   1.00884   -1.1396
618 30.948934999 30.973607999 -1.38951  1.21129 -1.39613
619 30.973609000 30.995063999 -1.60493  1.39551 -1.63589
620 30.995065000 31.018036000 -1.28236    1.203 -1.54913
621 31.018036000 31.041999000 -1.17855  1.20141 -1.25763
622 31.042000000 31.064477999 -1.38554  1.25333 -1.10087
623 31.064480000 31.089113000  -1.16763   1.00216 -0.954158
624 31.089114000 31.117127999 -0.874472  0.862261 -0.913806
625 31.117128999 31.145734000 -1.00557 0.341875 -0.63534
626 31.145735000 31.171876000   -1.19687 0.00408597 -0.0779128
627 31.171877000 31.193415000  -1.48514 -0.732924  0.163898
628 31.193415000 31.211331999 -1.66261 -1.09163 0.240917
629 31.211331999 31.228179000 -1.66429 -1.26697 0.415108
630 31.228180000 31.244568999 -1.53707 -1.35935  0.52389
631 31.244570000 31.260645000 -1.44355 -1.42615 0.535138
632 31.260645000 31.275797000 -1.46914 -1.44454 0.196877
633 31.275797000 31.290125000   -1.52123   -1.43502 -0.0921533
634 31.290125000 31.304362000   -1.43417    -1.4449 0.00963035
635 31.304362000 31.319633000 -1.13888 -1.51781 0.166361
636 31.319633000 31.336539999  -0.7849 -1.42049 0.603389
637 31.336539999 31.358015000 -0.408263  -1.10164  0.765076
638 31.358015000 31.383929999 -0.251415  -0.83906  0.468166
639 31.383931000 31.413068000 -0.0888213  -0.767777   0.254528
640 31.413068999 31.452240000  0.308362 -0.469718  0.129229
641 31.452245000 31.481897000  0.828868 -0.290885 -0.293814
642 31.481897000 31.504721999   1.27306 -0.352118 -0.230069
643 31.504722999 31.524823000   1.57499 -0.314168  -0.14646
644 31.524824000 31.544316999   1.65806  -0.11332 -0.223545
645 31.544318000 31.564179000   1.65205 -0.291337 -0.141157
646 31.564179999 31.585981999   1.33722 -0.625302  0.163931
647 31.585981999 31.611940000 0.677049 -1.06636 0.555333
648 31.611941000 31.637874999 0.159859 -1.31511 0.827365
649 31.637875999 31.661495000  0.22753 -1.63952 0.814842
650 31.661495999 31.685479999 0.217856 -1.71266 0.970585
651 31.685481000 31.708778000 0.0367427  -1.90239   1.10346
652 31.708778999 31.729734999 -0.131715  -2.09963   1.30431
653 31.729736000 31.751667000 -0.426063  -1.85636   1.39046
654 31.751668000 31.783940999 -0.356199  -1.13081  0.462658
655 31.783943999 31.845913999  0.105804 -0.633698 -0.165327
656 31.845919000 31.898923999   0.287484   0.678557 -0.0416779
657 31.898923999 31.927553999   0.605882    1.25841 -0.0177485
658 31.927554999 31.950582000  0.666854   1.71004 0.0121498
659 31.950583999 31.971775999   0.508508    1.96246 -0.0441684
660 31.971777000 31.992867000  0.170509   2.10835 -0.194895
661 31.992867000 32.013713999  0.0598581    2.17659 -0.0871193
662 32.013715000 32.034009000   0.116363    2.25542 -0.0645287
663 32.034010000 32.052472000    0.39723    2.33085 -0.0612734
664 32.052472000 32.069203999 0.559511   2.4199 -0.01872
665 32.069203999 32.085394999  0.599946   2.33641 0.0682813
666 32.085396000 32.101783000 0.527152  2.21534 0.169855
667 32.101784000 32.119863000 0.255342  2.10256 0.145427
668 32.119863000 32.138440999   0.299861    1.97675 -0.0585097
669 32.138442000 32.156964000  0.438386   1.63092 -0.268788
670 32.156964999 32.175598999  0.516117   1.54168 -0.396417
671 32.175600000 32.194558999  0.574456   1.49593 -0.472573
672 32.194558999 32.214691000  0.691181   1.35306 -0.553488
673 32.214691000 32.236988000  0.691805    1.1941 -0.473602
674 32.236988999 32.260648000  0.626062   1.20602 -0.523038
675 32.260648999 32.286087000  0.645812   1.16171 -0.609611
676 32.286089000 32.316751999  0.630244  0.962661 -0.475832
677 32.316752999 32.353656999  0.652198  0.821058 -0.339424
678 32.353658000 32.393491000  0.930628   0.61288 -0.208144
679 32.393492000 32.449533000   0.78221   0.17474 -0.194471
680 32.449533999 32.502362000  0.59839 -0.84325 0.131264
681 32.502363000 32.562600000 0.00207155  -0.856834   0.380142
682 32.562600999 32.592846999 -0.971001  -1.78487 0.0322123
683 32.592848000 32.615538999   -1.5055  -2.13601 0.0217758
684 32.615540000 32.636763000   -1.64106   -1.78472 -0.0706931
685 32.636763000 32.662032000   -1.16527   -1.18659 -0.0790618
686 32.662032000 32.695770000 -0.629016 -0.896735 0.0288112
687 32.695773000 32.730488999 -0.995262 -0.203189  0.394669
688 32.730488999 32.757521000  -1.4381 0.360282 0.380496
689 32.757522000 32.779853000  -1.84584 0.0165369  0.203554
690 32.779853999 32.800493000   -1.90692 -0.0147755  0.0579198
691 32.800493999 32.824057999  -1.36309 0.0593043  0.221973
692 32.824058999 32.848370000   -1.14766   0.656849 0.00327171
693 32.848370000 32.871859999  -1.32604  0.344819 -0.521546
694 32.871861000 32.892954999    -1.57309 -0.00344679   -0.657452
695 32.892955999 32.913811000   -1.51829 -0.0187447  -0.516248
696 32.913811999 32.938362000     -1.0996 -0.00547461   -0.358348
697 32.938362000 32.984022000  -0.42249 0.0393467 -0.203191
698 32.984024000 33.038673000   -0.356719 0.000829094    0.106953
699 33.038673999 33.093847000   0.464657 -0.0904617    0.44418
700 33.093847000 33.127676999 0.524732  0.43292 0.283054
701 33.127678000 33.150327000    0.821032     1.00164 -0.00773349
702 33.150327000 33.169456000   1.03114   1.36703 0.0483489
703 33.169456000 33.187291000  1.15617  1.54549 0.230603
704 33.187291000 33.205660999  1.12019  1.60329 0.347258
705 33.205660999 33.224766000   1.0091  1.60089 0.462737
706 33.224766999 33.244900999 0.777562  1.64654 0.524945
707 33.244902000 33.265953999 0.663688  1.66245 0.467082
708 33.265953999 33.287876000 0.619273    1.653 0.298979
709 33.287877999 33.311517000 0.643211  1.46016 0.207104
710 33.311517999 33.337217000 0.752502  1.18648 0.292888
711 33.337217000 33.366232000 0.713529 0.949407  0.43027
712 33.366235999 33.406887000 0.342561 0.708654 0.441057
713 33.406888000 33.498727000  -0.244543 -0.0829327   0.406626
714 33.498727999 33.544198999 -0.0603528   -0.96202   0.206747
715 33.544198999 33.572779000 -0.00704453    -1.86582    0.134052
716 33.572779000 33.601575999 -0.215814  -1.53494  0.504873
717 33.601576999 33.625177999 -0.295958  -2.02355  0.502626
718 33.625177999 33.645256000 -0.164059  -2.52658  0.453198
719 33.645256000 33.664174000 -0.273936  -2.34771  0.454242
720 33.664174000 33.684152000 -0.528052  -1.77807  0.417707
721 33.684153000 33.705792999 -0.606664  -1.32343  0.186159
722 33.705792999 33.729632999  -0.339848   -1.41408 -0.0241022
723 33.729632999 33.755672000 -0.0343332   -1.54245 -0.0638976
724 33.755673000 33.787829000 -0.0443913   -1.13542  0.0471868
725 33.787829999 33.826111000 -0.109928 -0.854406 -0.199872
726 33.826112000 33.857460000 -0.394403  -1.02997 -0.461252
727 33.857460999 33.883920000 -0.660285  -1.22736 -0.248212
728 33.883921999 33.909524000 -0.791637  -1.15671 0.0538727
729 33.909525000 33.937442000  -0.647397   -1.12276 -0.0799328
730 33.937442000 33.973930999 -0.248937  -1.01845 -0.230122
731 33.973933000 34.019674999 0.0369081 -0.899765 0.0459107
732 34.019674999 34.076973000    0.38195 -0.0415778   0.138845
733 34.076973999 34.109307999  0.676595    1.2205 -0.372168
734 34.109309999 34.135806999 0.760815  1.63258 -0.50713
735 34.135809999 34.159797000 0.820719  1.92038 -0.57934
736 34.159798000 34.181535999  0.786875   2.09915 -0.621445
737 34.181536999 34.201275999  0.613384   2.28786 -0.688666
738 34.201277000 34.220252000   0.65557   2.25967 -0.672046
739 34.220252999 34.239867999  0.660327   2.10935 -0.680804
740 34.239868999 34.260474999  0.577691   1.89837 -0.693974
741 34.260474999 34.282642999  0.375606   1.80576 -0.710274
742 34.282642999 34.306780000  0.220725   1.75866 -0.638604
743 34.306781999 34.331791000  0.278938   1.74841 -0.646195
744 34.331791000 34.357486999  0.314874   1.77718 -0.654642
745 34.357488000 34.385648000   0.23406   1.67465 -0.536674
746 34.385649999 34.420419000  0.172238   1.27462 -0.372918
747 34.420419999 34.472697999 -0.262878  0.651836 -0.379548
748 34.472697999 34.516679999 -0.629032 -0.164808 -0.544652
749 34.516679999 34.545821999 -0.701323  -0.83516 -0.465177
750 34.545822999 34.566586999 -0.897697  -1.51457 -0.545214
751 34.566586999 34.584540000  -1.03954  -1.76186 -0.735842
752 34.584540000 34.600494000  -1.11139   -1.9879 -0.712632
753 34.600494000 34.615073999  -1.10681  -2.27142 -0.685911
754 34.615073999 34.629279000  -1.09746  -2.37087 -0.475493
755 34.629279000 34.643658000   -1.0773  -2.24595 -0.214897
756 34.643658999 34.659038000  -1.01037   -1.9751 0.0720671
757 34.659038000 34.676019999 -0.797298  -1.72324  0.245439
758 34.676020999 34.695610999 -0.439704  -1.52692  0.466384
759 34.695610999 34.716861000 -0.223785  -1.48154  0.583799
760 34.716861000 34.736651999 -0.356336  -1.69451   0.67965
761 34.736651999 34.755146999 -0.618179   -1.8466  0.683903
762 34.755147999 34.773679999 -0.682284  -1.75645  0.618685
763 34.773687000 34.794718000 -0.54076 -1.44418 0.470791
764 34.794718999 34.824004000 -0.123947  -1.05102  0.308824
765 34.824004999 34.857550000  0.51055 -1.13437 0.337694
766 34.857550000 34.886101999   1.08249 -0.851642  0.316199
767 34.886102999 34.910577999    1.5046 -0.753667  0.308058
768 34.910578999 34.932889999   1.95842 -0.665296   0.38841
769 34.932892000 34.955963000    2.09727 -0.0905789   0.416847
770 34.955964000 34.980065999  2.11171 0.207611 0.280382
771 34.980066999 35.004181999    2.213 0.172411  0.19558
772 35.004181999 35.027832000    2.17867    0.49711 0.00425162
773 35.027832999 35.052334000   1.84887   0.74701 -0.190624
774 35.052334000 35.078943999   1.52122  0.874442 -0.252682
775 35.078943999 35.105955999   1.44576  0.801043 -0.212192
776 35.105955999 35.138021000    1.11942   0.564423 -0.0538037
777 35.138021999 35.207503000  0.404221  0.360995 0.0351445
778 35.207503999 35.249476999 -0.838347  0.678144 -0.479194
779 35.249476999 35.279336999   -1.2559  0.798805 -0.729595
780 35.279336999 35.304687999  -1.66669  0.763747 -0.817627
781 35.304687999 35.327116000  -1.96363  0.510893 -0.887746
782 35.327116000 35.348227999 -2.08884  0.71585 -0.77324
783 35.348229000 35.367861000 -2.16599 0.716604 -0.75064
784 35.367862000 35.386828999  -2.18505  0.494908 -0.846736
785 35.386830000 35.405923999  -2.00564  0.222687 -0.768743
786 35.405925999 35.426444000  -1.68599 0.0709145 -0.625109
787 35.426444999 35.448171999     -1.50901 -0.000943247    -0.559216
788 35.448173000 35.469604000   -1.5097 -0.133544 -0.598103
789 35.469604000 35.490372999   -1.58157 -0.0403856  -0.323312
790 35.490374000 35.511152999   -1.55592 -0.0135639   0.005415
791 35.511155000 35.531283000   -1.55684 -0.0555493   0.195737
792 35.531283000 35.552460999   -1.46185  -0.035029 -0.0251512
793 35.552461999 35.575357999    -1.2237 -0.0359104  -0.218697
794 35.575357999 35.601649999 -0.910525 0.0181461  -0.12141
795 35.601651000 35.635297999 -0.572915  0.462117  -0.17839
796 35.635299000 35.691509000 0.0947803  0.333871 -0.255416
797 35.691509999 35.722171999  0.555044   0.62248 -0.118112
798 35.722171999 35.744841999  0.937623  0.951967 -0.198997
799 35.744841999 35.765605999   1.16566  0.947289 -0.145688
800 35.765605999 35.786518999   1.24237  0.832756 0.0129224
801 35.786518999 35.809266999  1.26439 0.469538 0.170392
802 35.809266999 35.834856000    1.16772 -0.0323377   0.369441
803 35.834856000 35.864088000 0.857989 -0.42957 0.601802
804 35.864088999 35.887816999 0.908275 -1.43224 0.641735
805 35.887818000 35.910734000 0.865165 -1.45686 0.885647
806 35.910734000 35.937015000 0.381679 -1.27119  1.04105
807 35.937015999 35.958499000 0.202636 -2.00503 0.768412
808 35.958499000 35.976963000 0.571415 -2.83447 0.740687
809 35.976963000 35.995578999 0.604693  -3.0456 0.884877
810 35.995580000 36.017214000 0.211774 -2.56819  0.97479
811 36.017214000 36.042019000 -0.394401   -1.7584  0.742619
812 36.042019999 36.067641000 -0.571367  -1.70354  0.349181
813 36.067641000 36.095823000 -0.0575163   -2.07996   0.279475
814 36.095823000 36.133695000 0.343292 -1.34968 0.609405
815 36.133695999 36.191490000  0.456673 -0.398016 0.0736005
816 36.191490999 36.252613999   0.382858   0.632956 -0.0800283
817 36.252613999 36.287198999  0.837108   1.03035 -0.364956
818 36.287198999 36.317184000  0.856046   1.51121 -0.519996
819 36.317184000 36.342190000   1.08015   1.95424 -0.601653
820 36.342190000 36.364961999   1.19855   1.83985 -0.735005
821 36.364963000 36.386754999  1.03662  1.85085 -0.81375
822 36.386755999 36.408897999  0.749623   1.98786 -0.583049
823 36.408898999 36.432594999  0.511856   1.96674 -0.430295
824 36.432594999 36.456732999  0.406301   1.98194 -0.459166
825 36.456734000 36.480622000  0.316287   2.04257 -0.349326
826 36.480622999 36.505647000  0.141289   2.11047 -0.480054
827 36.505648999 36.535367999 0.0425343   1.70017 -0.558147
828 36.535369000 36.567660000  0.127821   1.48914 -0.515313
829 36.567660000 36.601967999  0.248452   1.21548 -0.396987
830 36.601969999 36.639161999  0.203869   1.12905 -0.340963
831 36.639163000 36.711609000 -0.0862311   0.536988 -0.0125653
832 36.711615999 36.761318000 -0.132387 -0.835615  0.268057
833 36.761318000 36.798234999  -0.12224  -1.12245 0.0470666
834 36.798234999 36.824077999 -0.237613  -1.73241 -0.244677
835 36.824082000 36.845977000 -0.424672  -2.10628  -0.11967
836 36.845977000 36.866784000 -0.716549  -1.91077 0.0578119
837 36.866784000 36.888657000 -0.902133   -1.3884  0.187849
838 36.888657999 36.913450000 -0.622438  -1.16103  0.269899
839 36.913450000 36.942618000 -0.0147578   -1.26469  0.0750894
840 36.942618999 36.973027999 -0.000294645      -1.2616    0.0353569
841 36.973029999 37.006446000 -0.272413  -0.89125  0.269264
842 37.006449000 37.037803999 -0.335488 -0.990741  0.195883
843 37.037804999 37.062167000 -0.652593  -1.33815 0.0815443
844 37.062169000 37.084115000  -1.01412  -1.29918 0.0812005
845 37.084115000 37.106137000  -1.16869  -1.10447 0.0173225
846 37.106138999 37.128897999   -1.1688  -1.02371 -0.190914
847 37.128897999 37.150966000  -1.24673  -1.11402 -0.426043
848 37.150966999 37.171637000  -1.46037  -1.05527 -0.634372
849 37.171637000 37.192803000  -1.47592 -0.733247 -0.601154
850 37.192807000 37.221068000  -1.10469  0.146128 -0.669169
851 37.221068000 37.261481999 -0.656355  0.251876  -1.19046
852 37.261481999 37.299362999  0.465484  0.554104 -0.763743
853 37.299362999 37.321513000  1.23226 0.862567 -1.00289
854 37.321513000 37.339330999  1.89665  1.06127 -1.19417
855 37.339331999 37.354989999 2.47889 1.22565 -1.0555
856 37.354990999 37.370052999   2.77904   1.41947 -0.752513
857 37.370052999 37.385761999   2.80895   1.48912 -0.497993
858 37.385761999 37.402551000   2.63288   1.45477 -0.291332
859 37.402551000 37.420444000   2.37529   1.49535 -0.267471
860 37.420444000 37.439514999   2.05594   1.51976 -0.544972
861 37.439514999 37.461944999   1.45559   1.31434 -0.683683
862 37.461944999 37.495611000  0.40269   1.0204 -1.08647
863 37.495612999 37.537797000 -0.174829  0.694249  -1.98474
864 37.537797000 37.570652999 -0.444935  0.644463  -3.05297
865 37.570652999 37.599034999 -0.265532  0.357061  -3.66266
866 37.599035999 37.630583999 -0.197065 0.0824527   -2.7244
867 37.630585000 37.676278999 -4.81057e-05    -0.217914     -1.40084
868 37.676284999 37.757660999   0.104123   -0.18801 -0.0183679
869 37.757663999 37.784704000 -0.49654 -1.01123  2.26738
870 37.784705000 37.806843999 -0.618166  -1.26157   3.55382
871 37.806845000 37.828396000 -0.650693  -1.26385   4.19835
872 37.828397000 37.850791999 -0.605939  -1.16077   4.49053
873 37.850791999 37.873077999 -0.591611  -1.19001   4.67771
874 37.873079000 37.893548999 -0.650431  -1.13427   5.03371
875 37.893550000 37.913113999 -0.706492 -0.963458   5.21412
876 37.913115000 37.932489000  -0.73557 -0.877223   4.99735
877 37.932489000 37.953543000 -0.658906 -0.683365    4.4923
878 37.953543999 37.976370999  -0.59718 -0.493215   3.85475
879 37.976370999 38.000370999 -0.686347 -0.260538   3.34258
880 38.000370999 38.025286999 -0.815988 -0.225749   3.00714
881 38.025286999 38.055384999 -0.507815 -0.226575   2.61094
882 38.055384999 38.116753999   -0.137659 -0.00182442     1.24387
883 38.116755000 38.158470999 0.425248 0.488648 -2.00982
884 38.158470999 38.179554000  0.87698 0.964178 -4.22712
885 38.179554000 38.196457000  1.13585  1.17275 -5.49712
886 38.196457999 38.211282000  1.09157   1.4505 -6.53072
887 38.211283000 38.225315000 0.996365   1.6925 -7.10535
888 38.225315999 38.239104000 0.880243  1.63197 -7.48338
889 38.239107000 38.253469999 0.854573  1.30892 -7.25735
890 38.253469999 38.269390999 0.773418 0.974808 -6.75856
891 38.269390999 38.287052999  0.77095 0.736873 -6.14991
892 38.287054000 38.307084000 0.758012 0.715592 -5.27517
893 38.307084999 38.330849999 0.686289 0.709802 -4.23229
894 38.330851000 38.357570999 0.660456 0.690784 -3.19444
895 38.357572000 38.391134999 0.603244 0.458452 -2.17053
896 38.391136000 38.444475000 0.259762 0.106667 -1.13416
897 38.444476000 38.474625999    1.00769    0.76692 -0.0340692
898 38.474626999 38.500505999  1.35098 0.693935 0.968833
899 38.500509999 38.526842999  1.16625 0.644378  2.10155
900 38.526845000 38.551825999 0.835719 0.907202  2.65025
901 38.551825999 38.577429000 0.613954 0.692155  2.91502
902 38.577431000 38.602000000 0.422079 0.928088  3.27293
903 38.602000000 38.626859999 0.126353   1.1849  3.13916
904 38.626860999 38.658050000 -0.456971  0.512002   2.97338
905 38.658050999 38.684113999    -1.669 -0.671805   3.44735
906 38.684113999 38.702598000 -2.77573 -1.36034  3.77293
907 38.702598999 38.717536000 -3.42099 -1.86974  3.75293
908 38.717536000 38.730291999 -3.68682 -2.17239  3.49311
909 38.730291999 38.742443000 -3.66614 -2.21968  3.26592
910 38.742443000 38.754493999 -3.44836 -2.01699  2.95111
911 38.754493999 38.767504999 -3.08664 -1.48196  2.41813
912 38.767504999 38.782039000 -2.68327 -0.87965   1.6012
913 38.782039000 38.797929999  -2.30813 -0.561219  0.823641
914 38.797930999 38.814292000  -2.10992 -0.613403  0.185107
915 38.814292000 38.831585999  -1.86921    -0.743 -0.077071
916 38.831585999 38.852442000   -1.5432 -0.104474 -0.222689
917 38.852442999 38.879643999  -1.01747  0.417832 -0.517796
918 38.879645000 38.913737000 -0.780334  0.154677  -1.24306
919 38.913738000 38.949539999 -0.648975  0.458169  -1.31515
920 38.949544000 38.983192000 -0.702671  0.494811  -1.43595
921 38.983195999 39.019429999 0.094711 0.229639 -1.58836
922 39.019431000 39.040626999  1.39133  0.45352 -1.43911
923 39.040626999 39.056533000  2.20329 0.452612 -1.48136
924 39.056533999 39.070449999  2.80434 0.350168 -1.53628
925 39.070449999 39.083597000  3.24302  0.19829 -1.44594
926 39.083598000 39.096327999  3.56027 0.161976 -1.19371
927 39.096327999 39.109464000   3.55019  0.552271 -0.797429
928 39.109464000 39.123845999 3.16347 1.08937 -0.2916
929 39.123845999 39.139743999   2.7813  1.06484 0.294581
930 39.139745000 39.158272999  2.5566 0.53496 1.05822
931 39.158273999 39.179281000   2.22872 0.0873166   2.03604
932 39.179281000 39.204685000   1.00153 -0.441373   3.93119
933 39.204686000 39.226615000 -0.459381 -0.765941   5.21083
934 39.226615000 39.244281999  -1.16743 -0.914505   5.45499
935 39.244281999 39.260885000 -1.4145 -1.1192 5.32802
936 39.260885000 39.277799000 -1.57917 -1.39432  5.13431
937 39.277799999 39.294752999 -1.82248  -1.5023     5.08
938 39.294754000 39.312611000 -2.06219 -1.16884  4.34652
939 39.312611999 39.332104999 -2.03419  -0.5139  3.17016
940 39.332106000 39.357069999 -1.55686 0.204215 0.843166
941 39.357069999 39.384880999 -0.981859   1.46671  -1.48753
942 39.384880999 39.409091999 -0.879568   2.00073  -3.26267
943 39.409091999 39.430432999 -0.512853   1.93991  -4.37134
944 39.430433999 39.450230000 -0.135979   1.88268  -4.61128
945 39.450231000 39.468693999 -0.120817   1.90422  -4.73163
946 39.468695000 39.485592999 -0.431807   1.85982  -5.17535
947 39.485592999 39.502298000 -0.677901   1.59555  -5.43101
948 39.502298999 39.519051000 -0.78856   1.4174 -5.41205
949 39.519051000 39.535616000 -0.655912   1.50414  -5.13154
950 39.535617000 39.552486999 -0.442493   1.73042  -4.60319
951 39.552488000 39.570098000 -0.238273   1.80546  -3.96252
952 39.570098999 39.589390999 -0.187524   1.69951  -3.32472
953 39.589392000 39.610570999 -0.31558  1.53784 -2.79244
954 39.610573000 39.634058000 -0.228014   1.35101  -2.40824
955 39.634059999 39.658055000 0.402216  1.36179 -1.72843
956 39.658056000 39.678414999   1.07054   1.46798 -0.890347
957 39.678414999 39.697406999   1.41585   1.50142 -0.188233
958 39.697406999 39.716838999 1.38198 1.37732 0.39842
959 39.716838999 39.736986000  1.23277  1.28945 0.791024
960 39.736986999 39.757530000 1.29828 1.21006 1.37352
961 39.757530000 39.778921999 1.41876 0.93843 2.06453
962 39.778921999 39.801517000  1.46524 0.663307  2.69227
963 39.801517999 39.825546000  1.45826 0.440165  3.01556
964 39.825549999 39.850754999   1.57131 -0.379422   2.74713
965 39.850754999 39.877039000   1.40082 -0.902239   2.79933
966 39.877039999 39.908376000 0.448108 -1.08912  3.42686
967 39.908377000 39.936043000 -1.19514 -0.94099  3.88997
968 39.936043000 39.955865000  -2.24876 -0.909543   4.13516
969 39.955865999 39.973001999  -2.63026 -0.922805   4.33617
970 39.973004999 39.989063999  -2.69956 -0.854148   4.23197
971 39.989065000 40.004102000  -2.79438 -0.865185   4.02363
972 40.004102999 40.018675999   -2.9799 -0.803569   3.57208
973 40.018675999 40.032287999 -3.20875  -0.5238  2.97477
974 40.032287999 40.046041000  -3.21937 -0.231418   2.11239
975 40.046041000 40.060200999  -3.05168 0.0510698   1.06456
976 40.060200999 40.075372999 -2.75916  0.11149 0.185329
977 40.075372999 40.091675999  -2.39091  0.340961 -0.925327
978 40.091677000 40.109554000 -1.98746 0.463906 -1.89302
979 40.109554999 40.131593000 -1.36022  0.53425 -2.59376
980 40.131593999 40.155976000 -0.640586   1.18983  -2.94911
981 40.155976999 40.179140999 -0.220691   1.26673  -3.32475
982 40.179141999 40.201545000 -0.171634  0.829922  -3.80075
983 40.201545000 40.223327000 -0.247154  0.724726  -3.81232
984 40.223328000 40.246354000 -0.0165092    1.04842   -3.25743
985 40.246354999 40.268030000 0.673615  1.48427 -2.42721
986 40.268030999 40.285425000 1.50753 1.57445 -1.9491
987 40.285425000 40.300850000  1.97968   1.6127 -1.38116
988 40.300850000 40.315392000   2.17854   1.68738 -0.871639
989 40.315392000 40.329148000   2.21532   1.91366 -0.614766
990 40.329148000 40.342597000   2.18466   2.15319 -0.547754
991 40.342598000 40.356318999   2.21528   2.19853 -0.399693
992 40.356320000 40.370802000   2.17305   2.06487 0.0285975
993 40.370802000 40.386892999 2.12835 1.68644 0.65112
994 40.386893999 40.406452000  1.8038 1.14168 1.22895
995 40.406452000 40.435037999   1.03374 0.0578427   2.07202
996 40.435037999 40.467356999 0.0959131  -1.10566   3.13865
997 40.467358000 40.492561000 0.135037 -1.82913  3.65654
998 40.492561000 40.515801999 0.119326 -1.86367  3.89842
999 40.515801999 40.537759999 -0.347847     -1.75   4.10249
1000 40.537761000 40.557507999 -1.08964 -1.37072  4.62488
1001 40.557509000 40.574971000 -1.65903 -1.12655  5.15034
1002 40.574971000 40.591182000 -2.04796 -1.38725  5.12502
1003 40.591182000 40.606833999 -2.28964 -1.48225  4.53619
1004 40.606833999 40.623732000 -2.24089 -1.37614  3.47813
1005 40.623732999 40.644955000  -1.70909 -0.871457   2.13638
1006 40.644955000 40.688537999 -0.410956  0.358599 -0.681827
1007 40.688537999 40.729814000 -0.346957 0.0630303  -2.45145
1008 40.729815000 40.762483999 -0.965073  0.143914  -2.29838
1009 40.762484999 40.794738000 -0.147999  0.725801  -2.97411
1010 40.794740000 40.822588999 0.313201 0.874799 -3.17633
1011 40.822591000 40.846251999 0.263292  1.37112  -3.2756
1012 40.846253000 40.864791999 0.446658  2.19529 -3.47772
1013 40.864791999 40.880380000 0.770845  2.64157 -3.78535
1014 40.880380000 40.894760000  1.02733  2.74953 -3.95528
1015 40.894760000 40.908683999  1.18345  2.87173 -3.98386
1016 40.908683999 40.922645999  1.21258  3.00552 -3.95185
1017 40.922647000 40.937746000  1.14883  2.97672 -3.90715
1018 40.937747000 40.954551999 0.932704  2.71535 -3.56241
1019 40.954553000 40.973730000 0.667049  2.41306 -3.23389
1020 40.973730000 40.997702999 0.402334  1.84142 -2.58911
1021 40.997703999 41.029811999 0.255081  1.18587 -1.93483
1022 41.029816000 41.071325999 0.200166 0.591157 -1.96365
1023 41.071330999 41.108070000 0.211877 0.529607 -2.27349
1024 41.108070000 41.140658999 0.134653 0.276713 -2.35668
1025 41.140658999 41.178982000 0.0119452 -0.240862  -1.43383
1026 41.178986000 41.210058000 -0.01296 -1.07891 0.977665
1027 41.210058000 41.228225000 -0.132947  -2.39137   2.92119
1028 41.228228999 41.243816999 -0.353454  -3.17816   4.17093
1029 41.243818000 41.258329000 -0.661396  -3.68748   5.08763
1030 41.258329999 41.272189000 -0.802919  -3.89555   5.57035
1031 41.272189000 41.286095000 -0.869865  -3.80741   5.79361
1032 41.286095000 41.300400999 -0.658116  -3.54811    5.6063
1033 41.300400999 41.315282000 -0.286884    -3.317   5.23399
1034 41.315282000 41.330697999 0.210891 -3.25919  4.92418
1035 41.330699000 41.346620999 0.684806 -3.26467   4.7314
1036 41.346622000 41.363635999 0.907826 -3.09274  4.51953
1037 41.363635999 41.383473000 0.837921  -2.6705  4.37953
1038 41.383473000 41.407564999  0.54855 -2.08221  4.13593
1039 41.407568000 41.437023000  0.28817 -1.45308  3.50256
1040 41.437023999 41.490202000 0.469841 0.278627  1.42637
1041 41.490202999 41.525342999 0.407932  1.59786 -1.21605
1042 41.525344000 41.548180000 0.596584  2.46581 -2.10586
1043 41.548180999 41.566197000 0.806058  3.01081 -2.15285
1044 41.566197000 41.582568000  1.08947   3.1357 -1.92425
1045 41.582568000 41.597900999  1.37611  3.07609 -1.71588
1046 41.597900999 41.612718999  1.60053  2.86357 -1.48353
1047 41.612718999 41.627507999  1.86586  2.67785 -1.28187
1048 41.627509000 41.643063000   1.9676  2.57061 -1.07213
1049 41.643064000 41.660113999   1.87942    2.3509 -0.838627
1050 41.660115000 41.679681999   1.57882   1.98466 -0.501863
1051 41.679683000 41.701858999  1.11478   1.8521 -0.15179
1052 41.701860000 41.728956999  0.871013   1.40631 0.0761321
1053 41.728957999 41.767118000  0.667737  0.826196 0.0430433
1054 41.767123000 41.817216999  -1.26692 -0.090346  0.263369
1055 41.817216999 41.838104999 -2.65746  -0.7111 0.483624
1056 41.838104999 41.854277000 -3.31864 -1.07265 0.482013
1057 41.854277999 41.868810000 -3.69268 -1.07813 0.504104
1058 41.868810000 41.882595000  -3.97032 -0.772135  0.507784
1059 41.882595000 41.895793000  -4.03089 -0.404638  0.523764
1060 41.895793000 41.908517999   -3.90604 -0.0655311   0.484654
1061 41.908518999 41.921722000   -3.49677 -0.0524176   0.215573
1062 41.921722999 41.936277999   -2.86092   -0.17516 -0.0735637
1063 41.936277999 41.952908999   -1.8807 -0.695917 -0.652689
1064 41.952908999 41.973646000 -0.882121 -0.766726 -0.874599
1065 41.973646999 42.007823999  0.301462 -0.532838  -1.02798
1066 42.007823999 42.030922000   1.07421 -0.990019  -1.45013
1067 42.030926999 42.049868999  1.49194 -1.25443 -1.54981
1068 42.049869999 42.066515999  1.72424  -1.5943 -1.32714
1069 42.066515999 42.082539000   1.76079  -1.97371 -0.968124
1070 42.082540000 42.099330000   1.50038  -2.38892 -0.395664
1071 42.099330000 42.116927000 0.896774 -2.66316 0.426532
1072 42.116927000 42.134832999 0.114556 -2.65432  1.46614
1073 42.134834000 42.152005000 -0.345261   -2.6674    2.3339
1074 42.152005000 42.168897999 -0.452509  -2.90036   2.60775
1075 42.168897999 42.187108000 -0.213783   -3.1079   2.59506
1076 42.187108000 42.207985999 0.0488383  -2.74535   2.42418
1077 42.207987000 42.241368999 0.228849 -1.34639  1.72597
1078 42.241373000 42.280157999  0.520388   1.32953 -0.180029
1079 42.280157999 42.305292999 0.582398  1.98235 -1.22133
1080 42.305292999 42.326632999  0.51211  2.54404 -1.51141
1081 42.326633999 42.344021000 0.501013  3.05752 -1.84274
1082 42.344021000 42.358935000 0.531928  3.47618 -2.11169
1083 42.358935999 42.372516000 0.662409  3.68731 -2.40025
1084 42.372516000 42.385370000 0.858791  3.80475  -2.4362
1085 42.385370999 42.397494999  1.10962  3.82136 -2.50925
1086 42.397494999 42.409387000  1.31388  3.66821 -2.50584
1087 42.409387999 42.421753000  1.49654    3.399 -2.40349
1088 42.421753000 42.435292999  1.56148  3.14518 -2.00236
1089 42.435293999 42.450133999  1.54632  2.94185 -1.70096
1090 42.450135000 42.466602999   1.4918   2.7839 -1.42611
1091 42.466604000 42.484397999  1.56777  2.61205 -1.10538
1092 42.484399000 42.504252999   1.76869   2.12841 -0.836425
1093 42.504257000 42.526377999   2.02035   1.78001 -0.644889
1094 42.526377999 42.551692999   2.15933   1.25757 -0.242557
1095 42.551697000 42.583027999  1.86047  0.37797 0.671022
1096 42.583029000 42.626080000  0.867153 -0.504055   1.92899
1097 42.626083999 42.667400999 0.0117737  -1.40889   3.51171
1098 42.667402000 42.699372999 -0.362164  -1.27681    4.7433
1099 42.699373999 42.730012999 -1.15306 -1.20619  4.37557
1100 42.730012999 42.753840000 -2.07627 -1.35092  3.65804
1101 42.753841999 42.773895999  -2.5571 -1.11304  3.05949
1102 42.773895999 42.792940999 -2.55021 -0.59059   2.1527
1103 42.792942000 42.812054000  -2.32629 -0.159979  0.976289
1104 42.812054000 42.832377999 -2.03004 0.177511 -0.17308
1105 42.832379000 42.851964000 -1.85769  1.04301 -1.47617
1106 42.851964000 42.870333999 -1.69228  1.27707 -2.82909
1107 42.870333999 42.889248000 -1.46068  1.26396 -3.74135
1108 42.889248999 42.908300000 -1.36133  1.14086 -4.20403
1109 42.908300000 42.926794999 -1.48571  1.08429 -4.28158
1110 42.926796000 42.945101999 -1.47798  1.08773 -4.04359
1111 42.945103000 42.964141000 -1.31798 0.839422 -3.73559
1112 42.964142000 42.984545000 -1.10775 0.367167 -3.24051
1113 42.984545000 43.006485000 -0.997246  0.422088  -2.76988
1114 43.006486000 43.032454999 -0.59225 0.829973  -2.0386
1115 43.032459000 43.066774000 -0.177009  0.878585  -1.17851
1116 43.066774000 43.103985000 0.851425 0.401671 0.136092
1117 43.103985999 43.124729000  1.84041 0.739524 0.498387
1118 43.124732000 43.143612000  2.36284 0.395978 0.736449
1119 43.143613000 43.161121999   2.74098 -0.121527  0.896708
1120 43.161121999 43.178727999   2.92926 -0.543798   1.15295
1121 43.178727999 43.198621999   2.5591 -0.48572    1.169
1122 43.198621999 43.226851999    1.4041 -0.711747  0.955286
1123 43.226852999 43.258669000 0.252947 -1.64095  1.46552
1124 43.258669000 43.281365999 -0.504028  -2.06099   3.07911
1125 43.281367000 43.299865000 -1.32202 -1.93659  3.79803
1126 43.299866999 43.315632999 -1.88197  -2.0286  3.82521
1127 43.315634000 43.330269999 -2.09894 -2.19027  3.83099
1128 43.330269999 43.344334999 -2.08798   -2.279  3.87365
1129 43.344335999 43.359172999   -1.905 -1.97703    3.572
1130 43.359172999 43.377343000 -1.70635 -1.21487  2.76961
1131 43.377343000 43.399697999 -1.47999 -0.56736  1.40166
1132 43.399697999 43.428971000 -0.899168 -0.562686  0.276299
1133 43.428971000 43.472765999 -0.20752 0.483961 -1.09016
1134 43.472767000 43.497801999 -0.262554   1.14516  -1.89089
1135 43.497801999 43.517762000 -0.0471943    1.76003   -2.32288
1136 43.517762000 43.534479000 0.0991662   2.26721  -2.84442
1137 43.534479000 43.549908000  0.10724  2.51297 -3.48757
1138 43.549908000 43.564835999 0.0528549   2.58733  -3.92112
1139 43.564835999 43.580083000 0.0593734   2.60502  -3.97696
1140 43.580083999 43.595350000 0.105326  2.81117 -3.86198
1141 43.595350000 43.610257000  0.20523  3.07727 -3.63342
1142 43.610257000 43.625044999 0.334104  3.29266 -3.48031
1143 43.625046000 43.640277000 0.512462  3.30412  -3.2342
1144 43.640277000 43.656575999  0.57961   3.0736 -2.80743
1145 43.656575999 43.675192000 0.558081  2.61877  -2.2299
1146 43.675192999 43.696018000 0.501929   2.2839  -1.5059
1147 43.696018000 43.717628000 0.592786  2.16618  -1.0443
1148 43.717628000 43.741457999  0.720067    1.8297 -0.659503
1149 43.741457999 43.769826999  0.778979   1.36309 -0.322967
1150 43.769826999 43.811384999 0.704852 0.605625 0.276775
1151 43.811384999 43.857381000  0.192522 -0.476883   2.08242
1152 43.857385999 43.888108999 -0.518458  -1.50335   3.65945
1153 43.888110000 43.910246999  -0.8869 -2.61037  4.54325
1154 43.910246999 43.928342999 -0.961775   -3.6275   5.33712
1155 43.928342999 43.944197999 -1.12764 -3.89453  5.92666
1156 43.944197999 43.958952000 -1.44925 -3.76828  6.23554
1157 43.958952000 43.973223000 -1.87566 -3.42531  6.06312
1158 43.973223000 43.986971000 -2.10318 -2.91013  5.56463
1159 43.986971000 44.000776999 -2.15222 -2.43412  4.83146
1160 44.000778000 44.015579999 -2.01671 -2.21447  3.95336
1161 44.015579999 44.031725999 -1.77588 -2.09207  3.20455
1162 44.031725999 44.049258999  -1.6367 -1.88655  2.59456
1163 44.049260000 44.068167999 -1.61863 -1.34802  1.73339
1164 44.068167999 44.089862000 -1.31715 -0.67192 0.538189
1165 44.089863999 44.129108999 -0.395315 -0.337682 -0.786305
1166 44.129108999 44.162655999 0.101437  0.48655 -2.21802
1167 44.162655999 44.181971000 -0.283345   1.64798  -3.28659
1168 44.181971000 44.197132999 -0.293806   2.50607  -3.90352
1169 44.197132999 44.211122999 -0.0425309    2.86901   -4.32917
1170 44.211122999 44.225069000 0.232211  2.87948 -4.72047
1171 44.225069000 44.239194000  0.38071  2.63238 -4.95012
1172 44.239194000 44.254254999 0.337546  2.32935 -4.97794
1173 44.254254999 44.269279000 0.125838    2.369 -4.90927
1174 44.269279000 44.284322999 0.0380768   2.63968  -4.63798
1175 44.284325999 44.300203999 0.0382717   2.63185  -4.35913
1176 44.300204999 44.318229000 0.0926358    2.1758  -4.08073
1177 44.318229999 44.338753999 0.0913436   1.70006  -3.68408
1178 44.338754999 44.361797000 0.198102  1.62549   -3.064
1179 44.361799000 44.389050000 0.518857  1.39381  -1.9838
1180 44.389051000 44.416569999 0.881643  1.23421 -1.28928
1181 44.416571000 44.442987999   1.23846   1.01144 -0.552481
1182 44.442987999 44.465554000  1.79161 0.606997 0.629187
1183 44.465554000 44.485972999   2.23281 -0.507791   2.12662
1184 44.485975000 44.506695999  1.96272 -1.81654  3.60845
1185 44.506697999 44.525271999  1.07928 -2.92823   4.6174
1186 44.525272999 44.541482999 -0.0289235   -3.54535    5.16695
1187 44.541484000 44.555126999 -0.664328  -3.76643   5.30584
1188 44.555128000 44.567401000 -1.02734 -3.98325  5.43364
1189 44.567401000 44.578681999 -1.10214 -4.26765  5.82987
1190 44.578681999 44.589192000 -1.14258 -4.47552  6.25024
1191 44.589193000 44.599670999 -1.14742 -4.51071  6.60936
1192 44.599670999 44.610908000 -1.06003 -3.89928  6.42203
1193 44.610908000 44.622900999 -1.06965 -3.60263  6.49962
1194 44.622902000 44.635609999  -1.2926 -3.26603  6.06481
1195 44.635611000 44.649126999 -1.42025 -2.99832  5.46175
1196 44.649126999 44.663721000 -1.55036 -2.73416  5.07756
1197 44.663721000 44.680376000 -1.64796 -1.92293  4.30426
1198 44.680376999 44.702733000  -1.33875 -0.598677   2.72536
1199 44.702733999 44.726691999 -0.554777    1.3428 -0.543125
1200 44.726691999 44.744114999 0.133629  2.54336 -2.93153
1201 44.744115999 44.759638999 0.344843  2.86175 -3.97608
1202 44.759638999 44.774855999 0.322775  2.95368 -4.05873
1203 44.774857000 44.789543999 0.130799  3.14243 -3.87274
1204 44.789546999 44.803259000 0.0920592   3.40588  -3.88833
1205 44.803259000 44.816175999 0.245033  3.71764 -3.97214
1206 44.816175999 44.828445000  0.48614  4.01602 -4.17397
1207 44.828445999 44.840217999 0.756257  4.15414 -4.52335
1208 44.840217999 44.851635000 0.979967  4.11734  -4.7306
1209 44.851635000 44.863232000 1.21734 3.91292 -4.9446
1210 44.863232000 44.875421999  1.30395  3.61535 -5.03996
1211 44.875421999 44.888646999  1.29935  3.34035 -4.91077
1212 44.888646999 44.903209000 1.20013 3.02946 -4.4355
1213 44.903209999 44.920213000 0.934433  2.51636 -3.76504
1214 44.920213000 44.942078000 0.509932  1.86655 -2.45252
1215 44.942078000 44.967947999 0.102022   1.5958 -1.34201
1216 44.967947999 45.021503999  -0.199049   0.215913 -0.0785792
1217 45.021505000 45.050065000 -0.970945 -0.901047  0.647013
1218 45.050065999 45.067247000 -1.20516 -2.22103  1.14579
1219 45.067247000 45.080553999 -1.36433 -3.27937  1.67289
1220 45.080553999 45.092310000 -1.55405  -3.8273  2.04423
1221 45.092310000 45.103382999  -1.6726 -4.10538  2.37314
1222 45.103383999 45.113733000 -1.59534 -4.34139  2.60672
1223 45.113733000 45.123482000 -1.42825 -4.55884   2.7917
