1 35.875790999 35.882772000  3.70034  1.81561 0.460643
2 35.882772000 35.889313999  3.89894  1.52105 0.721459
3 35.889313999 35.895591999  3.99189  1.30549 0.848062
4 35.895591999 35.901763000  3.98154  1.15492 0.980051
5 35.901763000 35.907870999  3.95571  1.14053 0.733201
6 35.907870999 35.913997999  3.85679  1.18782 0.952364
7 35.913997999 35.920213000  3.73097  1.13612 0.771021
8 35.920214000 35.926478000  3.60717   1.0986 0.896707
9 35.926478000 35.932985000  3.40335 0.946529 0.977575
10 35.932985999 35.939900999  3.03121 0.885916  1.25704
11 35.939902000 35.947119999  2.69401 0.928501  1.57653
12 35.947119999 35.954931999 2.28851 1.00056 1.94956
13 35.954933000 35.963221000 1.90107 1.14429 2.17964
14 35.963222000 35.972196000 1.40812 1.21542 2.71731
15 35.972197000 35.981953000 0.988108  1.04935   3.1132
16 35.981953000 35.991992000 0.689339 0.608877  3.71446
17 35.991992999 36.002028000 0.504689 0.339258  4.11461
18 36.002028000 36.011600999 0.252377 0.172503  4.40768
19 36.011600999 36.020974000 0.0935172 -0.194815   4.76775
20 36.020974000 36.030211000 0.0375247 -0.633035   5.09489
21 36.030211000 36.039137000 -0.0375626   -1.03736    5.15285
22 36.039137000 36.047958999 0.0155091  -1.29921   5.25316
23 36.047958999 36.056651999 -0.0689276   -1.53539    5.38951
24 36.056651999 36.065215999 -0.28914 -1.66061  5.47376
25 36.065215999 36.073689000 -0.540173   -1.8265   5.42963
26 36.073689000 36.082061000 -0.853932  -1.92089   5.48248
27 36.082061000 36.090307000 -1.18691 -1.95033  5.45336
28 36.090307000 36.098598000 -1.48912 -1.94157  5.41479
29 36.098598999 36.106793999 -1.72299 -1.89711  5.48885
30 36.106793999 36.115022000 -2.01103 -1.84273  5.17623
31 36.115022000 36.123398000 -2.15489 -1.71966  4.96625
32 36.123398999 36.132100999 -2.20502 -1.58953  4.70937
33 36.132100999 36.141145999 -2.16084 -1.44798  4.21837
34 36.141147000 36.150652999 -2.07606 -1.37404  3.58751
35 36.150654000 36.160586000 -2.03731 -1.27108   2.9202
36 36.160586000 36.170569999  -2.1294 -1.24598  2.23166
37 36.170569999 36.180522999 -2.26554 -1.12497  1.46914
38 36.180522999 36.190175000   -2.4936 -0.958798   1.02225
39 36.190175000 36.199542999  -2.69912 -0.722529    0.4867
40 36.199542999 36.209068000  -2.75207 -0.121723 -0.249514
41 36.209068999 36.219155999   -2.5415  0.177801 -0.826203
42 36.219155999 36.230104000 -2.11874  0.86696 -2.01628
43 36.230105000 36.242879999 -1.30733  1.42632 -2.87355
44 36.242879999 36.255413000 -0.172007   1.93368  -3.84556
45 36.255414000 36.266328999 0.428486  2.30093 -4.29668
46 36.266328999 36.276141000 0.800761  2.61097 -4.41349
47 36.276141999 36.285499999 0.866851  2.76314 -4.63172
48 36.285499999 36.294636000 0.797606  2.77309 -4.83861
49 36.294636000 36.303710000 0.686417   2.7321 -4.96371
50 36.303710000 36.312663999 0.647856  2.74487   -5.329
51 36.312665000 36.321364000 0.761925  2.83257 -5.67275
52 36.321364000 36.329816999 0.975413  2.89079 -5.83309
53 36.329816999 36.337898000  1.22356  3.02306 -5.85502
54 36.337898000 36.345578999  1.51098   3.2072 -5.79539
55 36.345578999 36.352912999  1.78947  3.43379 -5.64115
56 36.352912999 36.359931000  2.11225  3.54636 -5.60123
57 36.359931000 36.366722999  2.28812  3.60729 -5.56167
58 36.366722999 36.373245000  2.52309  3.55149 -5.47506
59 36.373245000 36.379626999  2.62685  3.45661 -5.28511
60 36.379626999 36.385921000  2.71592  3.26216 -5.33786
61 36.385921000 36.392220000   2.8002  3.10597 -5.10211
62 36.392220000 36.398546999  2.84798  2.82462 -4.90545
63 36.398546999 36.404910999  2.84619  2.65061 -4.73556
64 36.404910999 36.411385999  2.74954   2.4386 -4.58559
65 36.411385999 36.417917000  2.69161  2.24521 -4.03699
66 36.417917999 36.424655000  2.53425  2.13764 -3.80628
67 36.424655000 36.431645999  2.29515  2.17238 -3.38707
68 36.431645999 36.438817999  2.09902  2.14709 -3.06199
69 36.438817999 36.446199999  1.93184   2.1626 -2.84162
70 36.446199999 36.453667000  1.83626  2.18216 -2.38016
71 36.453667999 36.461426999  1.81486  2.02851 -2.07803
72 36.461427999 36.469351000  1.75863  1.96634 -1.98298
73 36.469351000 36.477335000 1.76762 1.90314  -1.548
74 36.477335000 36.485384000  1.90328  1.82607 -1.31314
75 36.485384000 36.493617999  1.91039  1.68858 -1.13722
76 36.493617999 36.502254999   1.89797   1.51004 -0.878838
77 36.502254999 36.511467999   1.75867   1.36868 -0.804956
78 36.511467999 36.521501999   1.56995      1.22 -0.706931
79 36.521501999 36.533129000  1.23765  1.04689 -0.51829
80 36.533129999 36.549134000   0.78482  0.680861 -0.167698
81 36.549134999 36.580095999 0.0363219  0.432293  0.547075
82 36.580097000 36.602508999  -0.760314 -0.0426984    1.35244
83 36.602510000 36.617592999 -1.13154 -0.50934  1.78602
84 36.617594000 36.629134999  -1.53871 -0.819837   2.17927
85 36.629136000 36.638955000 -1.86042 -1.06165  2.40598
86 36.638955000 36.648025000 -1.97541 -1.31098   2.8556
87 36.648025000 36.656314000 -2.14683 -1.49077  3.08857
88 36.656314999 36.664053000 -2.28679 -1.73711  3.43329
89 36.664053999 36.671306999 -2.45236 -1.89377  3.68642
90 36.671306999 36.678009999 -2.72973 -2.02289  3.87141
91 36.678009999 36.684283999  -2.9372 -2.15392  4.15283
92 36.684285000 36.690277999 -3.26082 -2.24075  4.17388
93 36.690277999 36.695875999 -3.59392 -2.41751   4.3922
94 36.695875999 36.701308000   -3.915 -2.44001  4.76437
95 36.701308000 36.706476999  -4.3276 -2.65806  4.65964
96 36.706476999 36.711558000 -4.71048 -2.82279  4.69056
97 36.711558000 36.716512000 -5.14456 -2.86166  4.68048
98 36.716512000 36.721383000 -5.40991  -3.0244  4.80624
99 36.721383999 36.726198000 -5.75275 -2.97097  4.97574
100 36.726198000 36.730989000 -5.93845 -3.03395  4.71548
