19.9081 -3.45962 0.644173 0.582876
19.9081 -3.44246 0.644857 0.689778
19.9123 -3.23081  0.61685 0.330044
19.9167 -3.07433 0.623977 0.797926
19.9212 -3.05782 0.654791  0.51704
19.9259 -2.79021 0.538739  1.01645
19.9308 -2.49937 0.636523  1.08584
19.936 -2.30098  0.50648 0.844463
19.9417 -2.06821 0.538526 0.868247
19.9478 -1.66429 0.373691 0.888618
19.9548  -1.2741 0.272361  0.80666
19.9629  -1.06465 -0.279932  0.913266
19.9727 -0.719114 -0.336454  0.990616
19.9851 -0.404544 -0.225319  0.747139
20.0035 -0.240128 -0.197919  0.120085
20.033  0.608095 -0.182895 -0.318264
20.054  1.06385 -0.21224 -0.37613
20.0644   1.32224 -0.119632 -0.597486
20.0727   1.70046  0.395575 -0.462744
20.08    1.8829  0.372112 -0.242215
20.0867    2.0316  0.486016 -0.479854
20.0931   2.19019  0.496559 -0.529725
20.0992  2.36878 0.547947 -0.29888
20.1049   2.46769  0.522795 -0.801857
20.1104   2.63917  0.570246 -0.479815
20.1157   2.77933  0.568912 -0.660194
20.1208   2.9015  0.41681 -0.35701
20.1258   3.02348  0.374068 -0.788792
20.1307  2.93705 0.268486 -1.15717
20.1355   2.90618 -0.384962   -1.1244
20.1403   3.19797 -0.549307  -0.46767
20.145    3.0825 -0.447307 -0.766351
20.1497    3.08168 -0.0328508   -1.45403
20.1544   3.16543 -0.333616  -0.91492
20.1592  3.02496 -0.44221 -1.15282
20.164   3.04217 -0.273532   -1.3219
20.169   2.93398 -0.293633 -0.862264
20.1741   2.79008  0.319191 -0.766859
20.1796    2.62533 0.00801909  -0.751239
20.1852   2.67676 -0.482836 -0.752697
20.1912    2.4079   0.36651 -0.304646
20.1975   2.34346  0.312169 -0.513206
20.2045  2.04738 0.236674 -0.62402
20.212   1.82918  0.228192 -0.720397
20.2202   1.70606 -0.346892 -0.762785
20.2292   1.55191  -0.38076 -0.536155
20.2391   1.32614 -0.407781 -0.578338
20.2498   1.13784 -0.319636 -0.293464
20.2621   0.800151  -0.209422 -0.0889457
20.279 0.00845253  -0.052865   0.370746
20.3239 -0.952105 -0.175021  0.310924
20.3423  -1.19968 -0.217634  0.282344
20.3559  -1.35165 -0.221913  0.320471
20.3676 -1.48661 0.218583 0.509449
20.3781 -1.62041 0.393141 0.385992
20.3871 -1.85401 0.440653 0.459536
20.3953 -2.07444 0.484425 0.610017
20.4027 -2.32903 0.430611  0.52892
20.4094  -2.5385 0.470156 0.600722
20.4157 -2.72515 0.494638 0.694575
20.4214  -2.9948 0.712171 0.787873
20.4267 -3.29984 0.665369 0.736151
20.4317 -3.48658 0.736393 0.305478
20.4364 -3.56697 0.730956 0.796266
20.4409 -3.73113 0.723552 0.491639
20.4451 -3.89269 0.817347  0.83235
20.4493 -4.10527 0.702522 0.769485
20.4533 -4.00596 0.842732 0.567983
20.4572 -4.13146 0.750907  1.20796
20.4611 -4.22081 0.741052 0.625351
20.4649 -4.11034 0.664936 0.842438
20.4688 -4.09163 0.486414 0.828598
20.4727 -4.02491 0.543767   1.0195
20.4767  -3.962 0.28595 1.11841
20.4806 -3.82989 0.495745 0.711742
20.4847 -3.75554 0.557775 0.975184
20.4889 -3.60981  0.55925  1.32255
20.4933 -3.31318 0.656412 0.631708
20.4978 -3.14725 0.662435 0.653125
20.5024 -2.93662 0.553563  1.12045
20.5074 -2.52098 0.507438 0.795844
20.5127 -1.99694 0.431815 0.828321
20.5186 -1.66031 0.250221 0.918752
20.5255  -1.01146 -0.285708  0.924577
20.5348 -0.144115 -0.344022  0.597557
20.5546  0.890021 -0.503463  0.279685
20.5665   1.39959 -0.562202 -0.176899
20.5745   1.57569 -0.700355 -0.281744
20.5813   1.98764 -0.696232  -0.59401
20.5874   2.25947 -0.694819 -0.762738
20.593    2.4124 -0.715759 -0.853659
20.5984   2.77343 -0.599002 -0.827579
20.6035     2.832 -0.735852 -0.831993
20.6085   3.27517 -0.716474 -0.609429
20.6131   3.39108 -0.791448 -0.882493
20.6177   3.61686 -0.739795 -0.774086
20.6221   3.72496 -0.615963 -0.858873
20.6264   3.92655 -0.632925  -1.22125
20.6306    3.9674 -0.657368  -1.13114
20.6346   4.00074 -0.401294  -1.72845
20.6387   3.90048 -0.594107  -1.49984
20.6428   3.91119 -0.681205  -1.33579
20.6469  3.99278 -0.57832 -1.09193
20.6509  3.78922 0.367722 -1.65081
20.6551   3.6992 0.224259   -1.855
20.6595  3.57803 0.458653 -1.38121
20.6639   3.45768  0.421028 -0.874452
20.6686   3.31608    0.6004 -0.916521
20.6734  2.97406 0.535612 -1.24234
20.6786   2.92784  0.741681 -0.416152
20.684  2.80887 0.528496 -1.12876
20.6898   2.52225  0.567857 -0.662351
20.6961  2.34401 0.379088  -1.0088
20.7027   2.32079 0.0803951  -1.33274
20.7098  2.23503 0.225818 -0.77819
20.7169   2.40141 -0.462949  -0.89115
20.7244    2.3292 -0.376859  -0.94471
20.7319    2.1145  0.179292 -0.872687
20.7401   2.06223  0.287439 -0.508258
20.7487   1.73525  0.279972 -0.436907
20.7584   1.33641  0.262172 -0.318937
20.7705   0.59592  0.214861 -0.116403
20.7949 -1.03655 0.137853  0.30904
20.8257 -1.67503 0.262415 0.463776
20.8373 -2.12461 0.213782 0.950674
20.8464 -2.40024 0.281296 0.800072
20.8539  -2.78361 -0.227793  0.977112
20.8609 -2.98508 -0.36155 0.481891
20.8674  -3.03012 -0.324835  0.907803
20.8736  -3.21772 -0.295425   1.14651
20.8793  -3.36628 -0.368218  0.995134
20.8849  -3.46022 -0.449159  0.934316
20.8901 -3.41719 -0.43676  1.12832
20.8952 -3.48011 -0.33439   1.6103
20.9  -3.59037 -0.497948  0.942763
20.9048  -3.67325 -0.506476   0.93265
20.9094  -3.5631 -0.56323  1.13444
20.914 -3.43672 -0.64622 0.929823
20.9185  -3.55263 -0.451664   1.33291
20.923  -3.35623 -0.421334   1.37464
20.9275  -3.30157 -0.427278   1.51705
20.9321   -3.0922 -0.192918   1.48309
20.9368  -2.87911 -0.398743   1.71196
20.9416   -2.55117 -0.0524971    1.83663
20.9467  -2.37878 -0.258613   1.93676
20.9522  -1.90089 -0.469758   1.37621
20.9583  -1.52496 -0.412016   1.59514
20.9654  -1.11821 -0.341265   1.87371
20.974 -0.628816 -0.374683   1.14476
20.9858  -0.31419 -0.280513  0.531544
21.0066  0.509034 -0.381652 -0.648688
21.0238   1.09561 -0.413238 -0.967769
21.0333   1.49008 -0.487035  -1.24402
21.041  1.63234  -0.4132 -1.39823
21.0481   1.81533 -0.338682  -1.31926
21.0548   1.85258 -0.135115  -1.70521
21.0615   1.79175 0.0296485   -1.9203
21.0682   1.6615 0.057393  -2.0919
21.0752  1.37631 0.166913 -2.06251
21.0827  1.24025 0.230124 -2.01406
21.0909 0.991115  0.14995  -2.1381
21.1001 0.689137 0.353523 -2.02705
21.1109 0.380618 0.324303 -1.88838
21.1234   0.22207 0.0546443  -1.95515
21.1378  0.190728 -0.105553  -2.13172
21.1526 0.399006 -0.34187 -2.33452
21.1657  0.558604 -0.534095  -2.43282
21.1769  0.757853 -0.681532  -2.70201
21.1869  0.816582 -0.796102  -3.08129
21.1962  0.863642 -0.874721  -3.09145
21.2052  0.755824 -0.878136  -3.47046
21.2142  0.620309 -0.871202  -3.74653
21.2233  0.521284 -0.790183  -3.83928
21.2325 0.277945 -0.71545 -3.90853
21.242 0.0965289 -0.641934  -3.97508
21.2516 -0.0195411  -0.475477   -4.07013
21.2611 -0.151191 -0.386496  -4.16943
21.2705 -0.200963 -0.378931  -4.08683
21.2799 -0.118765 -0.408235   -4.1041
21.2894 -0.132676 -0.401036   -3.7667
21.2992 -0.0857566  -0.309719    -3.5361
21.3096  -0.12793 -0.291106   -3.1812
21.321 -0.207896 -0.273671  -2.52079
21.3341 -0.218177  -0.23812  -2.14393
21.3491 -0.367241 -0.129363  -1.79743
21.3657  -0.489706 -0.0730477   -1.43773
21.3831 -0.444881  0.035889 -0.865314
21.4047 -0.344596  0.277823  -0.18545
21.4323 -0.295155  0.777119  0.961325
21.4498 -0.402434  0.877324   1.93233
21.4622 -0.312723  0.887115    2.9037
21.4727 -0.479045  0.864661   3.77808
21.4821 -0.431876  0.898173   4.61763
21.4905 -0.333208  0.909764   5.33143
21.4983 -0.342625  0.887856   5.74137
21.5055 -0.38413 0.847001  6.22202
21.5124 -0.275468  0.742737   6.42209
21.5191 -0.294362  0.674638   6.82177
21.5255 -0.356643  0.564598   6.94213
21.5318 -0.371709  0.581863   6.90142
21.538 -0.243152  0.221671    7.1269
21.544  -0.23262 0.0201358   7.02055
21.55 -0.171924 -0.142871   7.17991
21.5557 -0.150787 -0.338036    7.1763
21.5615 -0.107792 -0.244742   7.28519
21.5671 -0.0379488  -0.217469    7.30976
21.5726 -0.129837 -0.230181    7.3529
21.5781 -0.234015 -0.319275   7.40001
21.5836 -0.17802  -0.2729  7.35774
21.5891 -0.150396  -0.18995   7.59894
21.5945   -0.229839 -0.00859609     7.21521
21.6 -0.145031  0.145217   7.26392
21.6055 -0.284502  0.233743   7.35909
21.6111 -0.113124  0.293462   7.20919
21.6168 -0.174757  0.404559   6.94036
21.6226 -0.187216  0.236036   6.30935
21.6286 -0.223289  0.209492   6.57614
21.6348 -0.165406 0.0856717   5.95684
21.6412 -0.147409  0.120766   5.51433
21.648 -0.0354518  -0.314589     5.3415
21.655 -0.228821 -0.377735   4.63075
21.6624 -0.139439 -0.431774   4.22113
21.6704  -0.10719 -0.510956   3.58218
21.6793 0.0910668 -0.249314   2.72676
21.69    0.249222 -0.00514119      1.8347
21.7065  0.69405 0.211511 0.741985
21.7238   0.923413   0.341379 -0.0602573
21.7362   1.00242  0.336008 -0.587563
21.7471  1.10446 0.500635 -1.01444
21.757  1.06793 0.502314  -1.6537
21.7666  1.10389 0.419364 -1.87799
21.7761   1.07682 0.0595737  -2.25379
21.7857   0.851021 -0.0769817   -2.61641
21.7954  0.614294 -0.260546  -3.27805
21.8049  0.275447 -0.419311  -3.89665
21.8142 0.00845906  -0.562106   -4.24396
21.8231 -0.237233 -0.575633  -4.88119
21.8312 -0.508702 -0.382854  -5.60332
21.8387 -0.575065 -0.331337  -5.89297
21.8458  -0.905011 -0.0543839   -6.17665
21.8526 -0.942037 0.0122173  -6.69985
21.859 -1.06645 0.309809 -6.75267
21.8652 -1.12364 0.474909  -7.1983
21.871 -1.17467  0.61439 -7.04894
21.8767 -0.97743 0.759409 -7.49031
21.8821 -0.828028  0.843564  -7.68717
21.8875 -0.807181  0.819425  -7.46149
21.8929 -0.79861 0.939583 -7.44671
21.8982 -0.657708  0.739009  -7.28121
21.9035 -0.404011  0.800347  -7.34417
21.9089 -0.262758  0.498788  -7.02455
21.9145 -0.142348  0.345082  -7.02035
21.9203 -0.039771  0.160541  -6.53431
21.9263 0.0083568 0.0956333  -5.99638
21.9327   0.172019 -0.0969549   -5.58502
21.9393  0.230333 -0.162824  -5.47529
21.9463  0.209232 -0.109051  -5.21961
21.9537   0.199124 -0.0723071   -4.79503
21.9617   0.147485 -0.0052577   -4.31736
21.9703  0.102638 -0.051723  -3.65507
21.9802 -0.070058  0.252793   -2.8877
21.9916 -0.130808 -0.067814  -2.44353
22.0056 -0.318873 -0.114746  -1.70629
22.0229 -0.478517 0.0447161 -0.958021
22.0427 -0.498373  0.369788 -0.222855
22.0631 -0.538884  0.749174  0.500583
22.0781 -0.555862   1.09704   1.55867
22.0894 -0.568906   1.22503    2.3021
22.0993 -0.836148   1.25749   3.09165
22.108 -0.818925   1.30085   3.85624
22.1161 -0.851565   1.08715   4.72335
22.1238 -0.865614  0.888629   4.70334
22.1312 -0.779071  0.475125   5.68155
22.1383 -0.724106  0.201485   6.20301
22.1449 -0.590183 -0.199694   6.54979
22.1512 -0.428979 -0.474591   7.26647
22.157 -0.275688   -0.6556   7.15984
22.1625 -0.0562809  -0.729512    7.63032
22.1678 -0.0564224   -1.10126    7.86355
22.1729 -0.0661594  -0.719819    8.22187
22.178 -0.0156877  -0.719883    8.36324
22.183 -0.0693075   -0.80892    8.23955
22.1881 -0.216701 -0.679277   8.11196
22.1931 -0.235034 -0.562195   8.03875
22.1982 -0.469032 -0.334256    8.0232
22.2033 -0.459845 -0.315504   7.30475
22.2085 -0.523795 -0.371801   7.11139
22.2137 -0.617128 -0.490796    6.7838
22.2191 -0.674882 -0.604392   6.74604
22.2244 -0.787061 -0.655963   6.49499
22.2298 -0.593417 -0.885867   6.16855
22.2353 -0.524921  -1.15272   5.95442
22.2408 -0.440048  -1.28921   5.80235
22.2463 -0.467943  -1.41518   5.62733
22.252 -0.288523  -1.31984   5.64136
22.2578 -0.189875  -1.42065   5.24652
22.2637 -0.268734  -1.16751   4.89347
22.2701 -0.218628  -0.99164   4.04793
22.2773 -0.102086 -0.369768   3.63568
22.2857 -0.0731917 -0.0729685    2.65042
22.2969  0.212099 0.0521785    1.6482
22.315   0.583684 -0.0210766   0.747583
22.3343 0.613373 0.479367 -0.24091
22.3489 0.362177 0.790222 -1.16134
22.3617 0.213292 0.685199 -2.15898
22.3733  0.16912 0.494184 -2.79288
22.384 0.0645647   0.52841  -2.98322
22.3939 0.0395073  0.557618  -3.27857
22.403 -0.0326437   0.524833   -3.76415
22.4114 -0.0440826   0.489577   -4.38781
22.419 -0.123612  0.402085  -5.07653
22.426 -0.0260374   0.290351   -5.60858
22.4325 -0.0780113   0.269179   -5.94985
22.4387 -0.0311618   0.423801   -6.64645
22.4446 -0.172219  0.497275  -6.73985
22.4502 -0.115163  0.427597  -7.23656
22.4557 -0.172376  0.501268  -7.44749
22.461 -0.277063   0.43513  -7.61052
22.4662 -0.177271  0.402486  -7.72525
22.4715 -0.128605  0.493534  -8.15242
22.4766 -0.226026  0.467703  -7.96038
22.4817 -0.259311  0.400284  -7.82726
22.4869 -0.122482  0.408306  -7.97604
22.4921 -0.074138   0.16498  -7.90844
22.4972 0.0600656  0.196046  -7.71898
22.5025  0.199308 0.0353058  -7.57376
22.5079   0.330292 -0.0291058   -7.37827
22.5134  0.338408 -0.061763  -6.93113
22.5191 0.373783 0.123187 -6.91367
22.5249   0.512591 -0.0310049   -6.62842
22.531  0.647515 -0.212421  -5.97135
22.5375   0.59652 -0.297437  -5.70762
22.5443  0.673046 -0.254397  -5.05232
22.5515  0.676193 -0.253827  -4.53344
22.5595  0.724164 -0.232077  -4.00039
22.5682   0.658588 -0.0977154   -3.58069
22.5775   0.525349 -0.0644668   -3.30911
22.5881   0.416684 -0.0709809   -2.87218
22.6001  0.400035 -0.102951  -2.30056
22.6143 0.292577 0.053469 -1.57895
22.6337 0.0979435  0.197396 -0.149088
22.6739 -0.135309  0.362057   2.25601
22.6927 -0.134893  0.286284   3.43043
22.7047 -0.165032  0.276347   4.25325
22.7147 -0.122788  0.217027   5.00149
22.7233 -0.14041  0.20544  5.51197
22.7312 -0.038676  0.111611    6.0282
22.7385 -0.0921668    0.14331    6.56917
22.7454 -0.119609 0.0630857   6.74228
22.7518 -0.215211 -0.104594   7.23612
22.7578 -0.372743 -0.182873   7.63762
22.7636 -0.236427 -0.432555   7.64249
22.7691 -0.460997 -0.218341   8.19591
22.7745 -0.534286 -0.384606   7.96044
22.7798 -0.495595 -0.305197   8.34305
22.785 -0.547447 -0.345934   8.42314
22.7901 -0.628411 -0.098532   8.61976
22.7951  -0.589777 -0.0309566    8.90764
22.8 -0.763778 0.0181331    8.5381
22.805 -0.705633  0.126744   8.38816
22.8099 -0.984624  0.261456   8.16403
22.8149 -0.973187  0.238932    8.0973
22.8199 -0.748172  0.354546   7.62788
22.8249 -0.800502   0.35353    7.7594
22.83 -0.950964 0.0345335   7.37042
22.8351  -0.956223 -0.0730877    6.94172
22.8404 -0.830694 -0.337378   6.92264
22.8457 -0.801485  -0.45022    6.9013
22.8511 -0.754736 -0.634634   6.62281
22.8566 -0.809685  -0.94233   6.11792
22.8621 -0.556428  -1.01159   5.94197
22.8678 -0.622092 -0.929915   5.88869
22.8738 -0.441687 -0.975875   5.63215
22.88 -0.502976 -0.737649   4.94068
22.8864 -0.552293  -0.61232   4.56185
22.8933 -0.40734 -0.33532  4.09852
22.9012 -0.389624 0.0118754   3.25258
22.9107 -0.259573  0.208632   2.20337
22.9236 0.313216 0.275585 0.508512
22.9472 0.860257   0.4638 -1.12345
22.9593 0.908103 0.283731 -2.29812
22.9691 0.918588 0.286306 -3.05449
22.9779 0.814163  0.18028  -3.5339
22.986   0.732486 -0.0343602   -4.03535
22.994    0.53471 -0.0811304   -4.40706
23.0016  0.498859 -0.170672  -4.71402
23.009   0.24091 -0.283448  -5.09161
23.016    0.2021 -0.286925  -5.52046
23.0227  0.287944 -0.403623  -6.06212
23.0291    0.2654 -0.379953   -6.1986
23.0352  0.402971 -0.405712   -6.5376
23.0411   0.26943 -0.276837  -7.13687
23.0468  0.229672 -0.177626  -7.45221
23.0523  0.345593 -0.152511  -7.34409
23.0578  0.376752 -0.271848  -7.75735
23.0632   0.3335 -0.30074 -7.70877
23.0685  0.183351 0.0153056  -7.69944
23.0738  0.265203 -0.162984   -7.9436
23.0791 0.0323508 -0.227805  -7.78554
23.0845 -0.0926863  0.0250666   -7.86654
23.0899 -0.240883   0.15287  -7.84882
23.0953 -0.399868  0.109721  -7.74749
23.1007 -0.467678  0.118458  -7.33128
23.1062 -0.536498  0.241527  -7.63955
23.1117  -0.49876 0.0621855  -7.41636
23.1174 -0.695866  0.122133  -7.07868
23.1231  -0.582735 -0.0315464   -6.70666
23.1289 -0.601632 -0.145338  -6.75849
23.1351  -0.527866 -0.0509022   -6.31472
23.1414  -0.387843 -0.0449251   -6.19088
23.1481  -0.21685 0.0340948  -5.49027
23.1553 -0.0701202     0.1624   -4.96564
23.1633 0.102452 0.340315  -4.0375
23.1722 0.343749 0.450423 -2.89512
23.1825 0.153687 0.410753 -2.14147
23.1949 0.00578041   0.444351   -1.57643
23.2108 -0.249507   0.23979 -0.832194
23.2342 -0.36238 0.186454  -0.1154
23.263 -0.646831  0.189029  0.697359
23.2816 -0.793267  0.246123   1.29942
23.2964 -0.733602   0.32796   1.99973
23.3099 -0.659557  0.205642   2.27391
23.3226 -0.366072  0.143815   3.26191
23.3335 -0.325054 -0.062181   4.16169
23.3426 -0.147374 -0.322334   4.97381
23.3504 -0.171687 -0.369987   5.69702
23.3574 -0.131235 -0.580742   6.19214
23.3639 -0.141784 -0.538268    6.4608
23.3699 -0.0950416    -0.6116    7.04589
23.3756 -0.182815 -0.504987   7.47594
23.3812 -0.476315 -0.469363   7.68275
23.3865 -0.596916 -0.427312   8.06707
23.3917 -0.528855 -0.398235   8.17079
23.3968 -0.659104 -0.320937   8.18823
23.4017  -0.65818 -0.343844   8.05972
23.4067 -0.879618 -0.533963   7.97975
23.4116  -1.00091 -0.323929    7.8796
23.4165 -1.09545 -0.44534  7.53343
23.4214  -1.25552 -0.536138   7.31891
23.4263  -1.12958 -0.538448   7.28859
23.4311  -1.15976 -0.843259   7.32498
23.436 -0.976886 -0.850809   6.68084
23.4409  -1.0204 -1.09349  6.81048
23.4459 -0.855123  -1.01788   6.79414
23.4509 -0.736135  -1.25114   6.28837
23.4561 -0.587223  -1.07934     6.615
23.4614 -0.382857  -1.44861   5.87734
23.4669 -0.278848  -1.13798   6.00616
23.4726 -0.0801274  -0.990119    5.51419
23.4787  0.256097 -0.582367   5.15368
23.4853  0.477931 -0.182393   4.50631
23.4928  0.654345 0.0733169   3.34458
23.5015 0.839337  0.31729    2.518
23.5112  1.24464 0.391742  1.07427
23.5208  1.45234  0.30719 0.433048
23.5292    1.61563   0.303681 -0.0988417
23.5368    1.7007  0.408484 -0.251542
23.5441   1.71232  0.325827 -0.569818
23.5513   1.66474  0.417676 -0.870262
23.5585  1.50502 0.489199  -1.1212
23.5659  1.53536 0.380501  -1.1305
23.5737   1.30925 0.0125622  -2.09851
23.5819   1.19235 -0.279134  -2.32475
23.5905  1.22579 -0.57972 -2.45824
23.5986   1.11321 -0.942993  -3.32107
23.6059  1.22443 -1.18906  -3.5001
23.6129  1.21646 -1.12873 -3.91802
23.6196  1.16195 -1.38582 -4.14371
23.626   1.1041 -1.48605 -5.14836
23.6323  0.95242 -1.52916 -5.44132
23.6384 0.733386  -1.8579 -5.80179
23.6444 0.674388 -1.67756 -6.31077
23.6504  0.41412 -1.69734 -6.41281
23.6564 0.241655  -1.7946 -6.93905
23.6625 -0.0903548    -1.5431   -7.26682
23.6687 -0.201559  -1.21653  -7.63209
23.675 -0.483913 -0.882134  -7.67843
23.6813 -0.58522 -0.74658  -7.7301
23.6876 -0.735203 -0.684352  -7.75378
23.6939 -0.835106 -0.559871   -7.5091
23.7001 -0.879096 -0.522581  -7.56887
23.7062 -0.992351  -0.44436  -7.31063
23.7124  -0.88064 -0.505761  -7.37297
23.7187 -0.873304 -0.649321  -7.05945
23.725 -0.905294 -0.468136  -6.55373
23.7316 -0.950657 -0.367416  -6.13707
23.7383   -0.9135 -0.457982  -5.55919
23.7453 -0.830241 -0.297652  -5.41924
23.7525 -0.965142 -0.335837  -4.72047
23.76  -1.04012 -0.227444   -4.2246
23.7681   -1.04252 -0.0174087   -3.63011
23.7767 -0.926092  0.130816  -3.29106
23.7859 -0.906247  0.282306  -2.71677
23.7959 -0.778374  0.398386  -2.09778
23.8071 -0.702118  0.338229 -0.972794
23.8212 -0.552838  0.293183 0.0554174
23.8394 -0.479174  0.361483   1.81053
23.8561 -0.281397   0.37196   2.96935
23.8679 -0.490304  0.651886   3.94601
23.8774 -0.580772  0.474698   4.65955
23.8934 -0.63401 0.539166  5.79737
23.9003 -0.751751  0.609537   6.11469
23.9069 -0.732549  0.497086   6.68191
23.9132 -0.888943  0.463511   6.94057
23.9191 -0.865041  0.402933   7.16334
23.9248  -1.0868 0.245081   7.3789
23.9302   -1.04111 -0.0256055    7.81126
23.9354  -1.08371 -0.131168   8.44772
23.9404  -1.08372 -0.269502   8.22124
23.9453   -1.3022 -0.420178   8.17065
23.9548  -1.40584 -0.861819   7.94671
23.9594  -1.35372 -0.994652   8.08952
23.9639 -1.49798 -1.11371  7.74468
23.9684 -1.48378  -1.5066  7.90963
23.9729 -1.41194 -1.43314   7.6339
23.9774 -1.35875 -1.40785  7.29561
23.9818 -1.56489 -1.62775  6.91933
23.9863 -1.51821 -1.48976  6.72452
23.9909 -1.39068 -1.25219  6.69832
23.9957 -1.27288 -1.26176  6.44505
24.0006 -1.21085 -1.09432  6.08003
24.0111  -1.03598 -0.712477   5.15203
24.0169 -0.923184 -0.653001   4.74892
24.0232 -0.647073 -0.410282    4.3091
24.0301 -0.444584 -0.358252   3.62487
24.038 -0.308725 -0.291096   2.88509
24.0476 0.127969 0.275905  1.86567
24.0621  0.465277  0.734469 -0.122608
24.0769  0.633839  0.883329 -0.960464
24.0876 0.793807 0.880927 -1.86418
24.0967 0.890383 0.954463 -2.41101
24.1048 0.942583  0.84441 -3.12648
24.1123  1.00461 0.716168 -3.64972
24.1193 0.917821 0.567757 -4.26158
24.126 0.950743 0.558179 -4.56434
24.1325  1.03999 0.485137 -4.48302
24.1388  0.98208 0.445786 -4.84721
24.1512 0.750182 0.139277 -5.68918
24.1573 0.804077 0.135604 -5.87311
24.1631  0.668229 -0.063331  -6.37689
24.1688 0.854741 -0.31523 -6.67303
24.1742  0.991289 -0.354293  -6.89295
24.1795  0.778644 -0.444004  -7.15428
24.1847   0.85773 -0.484999   -7.2625
24.1898  0.855436 -0.291691  -7.42241
24.1949   1.02512 -0.435464  -7.44728
24.1999  0.955652 -0.624929  -7.19033
24.2101  0.990291 -0.551475   -7.6672
24.2152  0.989169 -0.378778  -7.54103
24.2203   0.87526 -0.445053  -7.50837
24.2255  0.887246 -0.106058  -7.65913
24.2308  0.722244 -0.129634  -7.24938
24.2362  0.688372 0.0737312  -7.43514
24.2417  0.748712 -0.116731  -7.20123
24.2474   0.693938 -0.0341597   -6.98265
24.2533  0.609371 -0.159906  -6.83956
24.2596 0.618387 -0.23787 -6.22832
24.2731  0.524164 -0.347853  -5.53721
24.2806  0.478235 -0.321259  -4.83324
24.2889  0.453083 -0.196454  -4.16237
24.2981 0.421185 -0.27721 -3.24273
24.3093  0.296003 -0.443074  -1.96458
24.3241  0.138586 -0.554226 -0.740329
24.3441 -0.179358 -0.293231  0.959043
24.37 -0.267884  0.123071    1.8334
24.3904 -0.234321  0.316697   2.51719
24.4048 -0.541772  0.329148   3.02197
24.4166 -0.214707  0.152669   3.99668
24.4265  -0.27222 0.0370441   4.50507
24.4352 -0.420249 0.0354234   5.09239
24.4432 -0.382206 0.0261402   5.69432
24.4504  -0.547774 -0.0759317    6.23576
24.4571 -0.574196 -0.148392   6.60079
24.4693 -0.910896   0.15977    7.4352
24.475 -0.886901 0.0450427   7.55368
24.4804 -0.895959 0.0704906    7.8576
24.4857 -1.09665 0.416526  7.76613
24.4908 -1.10272 0.157898  7.70164
24.4958 -1.04066   0.4407  8.23409
24.5007 -1.20575 0.380646  8.38385
24.5055 -1.15267 0.479734  8.15139
24.5103 -1.25561 0.593933  8.24939
24.5151  -1.4079 0.602951  8.00389
24.5198 -1.43368 0.364476  7.98092
24.5245 -1.49444  0.33862  7.60593
24.5293  -1.4139 0.514773  7.56872
24.534 -1.42953 0.587107  7.04494
24.5388 -1.38544  0.16171  7.27278
24.5437 -1.33084 0.173434  7.04419
24.5487  -1.30882 -0.230615   6.69498
24.5538  -1.21368 -0.350285   6.26452
24.5591  -1.17372 -0.573624   6.15247
24.5646  -0.97357 -0.877524   5.59739
24.5763 -0.642211 -0.984048   4.92697
24.5825 -0.519488 -0.980895   4.35195
24.5893 -0.444643 -0.640744    3.6269
24.5967 -0.322751 -0.406077   2.81771
24.6057 -0.146054 0.0162438   1.75789
24.62 0.371325 0.702508 -1.03313
24.6417  0.76983 0.841183 -1.70326
24.6516    1.024 0.866472 -2.45642
24.6672  1.32143 0.637132 -3.49485
24.674   1.5606  0.53357 -3.85229
24.6804  1.53055 0.290703 -4.39945
24.6865  1.63288 0.174922 -4.54273
24.6924  1.64154 0.191952  -5.0623
24.6981    1.57085 -0.0739997   -5.54547
24.7037    1.59918 -0.0795813   -5.68989
24.7093   1.47023 -0.221345  -6.25393
24.7146   1.59167 -0.458804  -5.80169
24.7199   1.48832 -0.378095  -6.52499
24.7251   1.25675 -0.504766  -7.07192
24.7303   1.17818 -0.569307  -6.85552
24.7354    1.0191 -0.503831  -7.32047
24.7406  0.807136 -0.435469  -7.53471
24.7458  0.959607 -0.456742  -7.41096
24.751  0.723708 -0.333033  -7.77649
24.7562  0.617102 -0.397118   -7.6031
24.7613  0.467375 -0.338668  -7.82284
24.7666  0.416302 -0.346051  -8.01391
24.7719  0.369973 -0.287279  -8.04915
24.7773  0.257395 -0.319795  -7.85358
24.7828 0.0501081 -0.412781   -7.4645
24.7884 0.0169764 -0.525969  -7.00493
24.7942 -0.0471527   -0.53783   -6.89481
24.8002 -0.0979265  -0.481626   -6.09442
24.8067  -0.13372 -0.611668  -5.74913
24.8137 -0.158394 -0.546094  -4.96111
24.8214 -0.227347 -0.430799  -4.09991
24.8301  -0.18619 -0.337845  -3.15847
24.8407 -0.236378  -0.31333  -1.91798
24.8557 -0.265264 -0.364939  0.208752
24.8798 -0.168608 -0.244853   2.00174
24.8958 -0.111638  -0.29552   2.83254
24.9078  -0.244896 -0.0308898    3.43636
24.918  -0.275608 -0.0209425    4.09061
24.927 -0.364937  0.046862   4.47534
24.9352 -0.385314  0.151077   4.86258
24.943 -0.437815  0.477569   4.90304
24.9503 -0.436107  0.545808   5.35773
24.9573 -0.505918  0.648466   5.52864
24.9639 -0.475492  0.777043    5.5549
