19.9081  -0.538957 -0.0232846 0.00751351
19.9123       -1.07 -0.00930155   0.0313092
19.9167    -1.54313 -0.00267881   0.0491215
19.9212    -1.54355 -0.00266409   0.0491756
19.9259   -1.54399 -0.0026496  0.0492318
19.9308   -1.54438 -0.0026502  0.0492977
19.936    -1.54473 -0.00265336   0.0493865
19.9417    -1.54491 -0.00261354   0.0495117
19.9478    -1.54461 -0.00269167   0.0495644
19.9548  -1.09423 -0.227003 0.0822508
19.9629 -0.884355  -0.33883  0.325093
19.9727 -0.644658 -0.306444  0.383651
19.9851  -0.36814 -0.215034  0.482436
20.0035 -0.204723 -0.171182  0.141786
20.033  0.384033 -0.147405 -0.280206
20.054  0.777945 -0.235767 -0.370075
20.0644  0.983216 -0.223411 -0.419147
20.0727   1.26934 0.0178369 -0.620599
20.08  1.26969 0.017695 -0.62067
20.0867   1.53762  0.155932 -0.712581
20.0931   1.53787  0.156013 -0.712712
20.0992   1.53821  0.155991 -0.712816
20.1049    1.5386  0.156093 -0.712944
20.1104   1.53905   0.15617 -0.713014
20.1157  1.53946 0.156271 -0.71309
20.1208    1.5399  0.156416 -0.713153
20.1258   1.54034  0.156502 -0.713212
20.1307    1.5408  0.156674 -0.713243
20.1355   1.54122  0.156798 -0.713289
20.1403   1.54165  0.156897 -0.713321
20.145   1.54212  0.157126 -0.713363
20.1497  1.5426 0.15727 -0.7134
20.1544   1.98459  0.305922 -0.734856
20.1592   1.98492  0.306097 -0.734849
20.164   1.98527  0.306335 -0.734833
20.169   1.98564  0.306621 -0.734809
20.1741   1.98602  0.306969 -0.734734
20.1796   1.98637  0.307257 -0.734707
20.1852   1.98665  0.307641 -0.734612
20.1912  1.98684 0.308007 -0.73439
20.1975   1.98668   0.30829 -0.734034
20.2045    1.8989  0.261887 -0.694898
20.212   1.66362   0.15217 -0.668762
20.2202   1.50397 -0.284072 -0.444669
20.2292   1.39124 -0.340816  -0.44085
20.2391   1.20007 -0.344287 -0.431825
20.2498   1.01841 -0.325072 -0.410181
20.2621  0.705907 -0.198555  -0.19484
20.279 0.00747244 -0.0663422   0.359156
20.3239 -0.748064 -0.154422  0.319387
20.3423 -1.01292 -0.16651 0.312955
20.3559   -1.1328 -0.159002  0.309654
20.3676   -1.2327 -0.118262  0.349416
20.3781 -1.39445 0.348464 0.606655
20.3871 -1.55045 0.409912 0.568206
20.3953  -1.6718  0.43419 0.554989
20.4027 -1.80199 0.454788 0.515143
20.4094 -2.01929 0.472124 0.475893
20.4157 -2.01967 0.471869 0.476094
20.4214 -2.02007   0.4718 0.476293
20.4267 -2.02056 0.471781 0.476441
20.4317   -2.021 0.471827 0.476596
20.4364 -2.02142 0.471863   0.4767
20.4409 -2.02181 0.471898 0.476816
20.4451  -2.0222 0.471972 0.476896
20.4493 -2.02255 0.472064 0.476957
20.4533 -2.02287 0.472124 0.476993
20.4572 -2.02323 0.472263  0.47697
20.4611 -2.02355 0.472325 0.476996
20.4649 -2.02385 0.472442  0.47695
20.4688 -2.02418  0.47256 0.476915
20.4727 -2.02451 0.472695 0.476836
20.4767 -2.02484 0.472794 0.476776
20.4806 -2.02516 0.472963 0.476705
20.4847  -2.0255 0.473117 0.476608
20.4889 -2.02583 0.473276 0.476521
20.4933 -2.02614 0.473468 0.476431
20.4978 -2.02641 0.473652  0.47633
20.5024 -2.0266 0.47384  0.4762
20.5074 -2.02659 0.474038 0.476056
20.5127 -2.02632 0.474142 0.475756
20.5186 -1.46937  0.22506 0.425623
20.5255 -0.892782 0.0244628  0.514045
20.5348 -0.166711 -0.345293  0.433031
20.5546  0.638158 -0.406835  0.220983
20.5665  0.998004 -0.527026  0.112174
20.5745   1.21192 -0.626407 0.0162341
20.5813   1.21226 -0.626564 0.0163449
20.5874   1.50949 -0.700883  -0.12855
20.593   1.50977 -0.700898 -0.128635
20.5984   1.51019 -0.700966 -0.128689
20.6035   1.51062 -0.701027 -0.128791
20.6085   1.51104 -0.701137 -0.128803
20.6131   1.51146 -0.701175 -0.128956
20.6177   1.93993 -0.725339 -0.318384
20.6221   1.94025 -0.725383 -0.318484
20.6264   1.94054  -0.72543 -0.318558
20.6306   1.94081 -0.725502 -0.318575
20.6346   1.94117 -0.725467 -0.318863
20.6387   1.94156 -0.725493 -0.319026
20.6428    1.9419 -0.725509 -0.319196
20.6469   1.94226  -0.72551 -0.319402
20.6509   1.94264  -0.72546 -0.319728
20.6551   1.94308 -0.725418 -0.320071
20.6595    2.3207 -0.682103 -0.634523
20.6639   2.32106 -0.681878 -0.635014
20.6686   2.32139 -0.681684 -0.635511
20.6734   2.32169 -0.681389 -0.636151
20.6786   2.32193 -0.681069 -0.636874
20.684   2.37015 -0.528425  -1.17535
20.6898      2.37 -0.527737  -1.17601
20.6961   2.36962 -0.527228  -1.17641
20.7027   2.05106 -0.468703  -1.32635
20.7098  2.05085 -0.46828 -1.32666
20.7169  2.05091 -0.46788 -1.32679
20.7244    2.0507 -0.467495  -1.32708
20.7319   1.90111 -0.104435  -1.54312
20.7401   1.75615 -0.138184  -1.48653
20.7487   1.50708 0.0856771  -1.17261
20.7584   1.19534  0.197945 -0.485604
20.7705  0.555182  0.172503 -0.278862
20.7949 -0.664373  0.127939  0.297458
20.8257 -1.41593 0.225428 0.487238
20.8373 -1.76672 0.256938 0.544984
20.8464 -2.09471 0.287867 0.573548
20.8539 -2.35523 0.298359 0.541892
20.8609  -2.5599 0.314829 0.510241
20.8674 -2.56015 0.314516 0.510311
20.8736 -2.56061  0.31428 0.510289
20.8793 -2.56103 0.314151 0.510398
20.8849 -2.56142 0.314024 0.510477
20.8901 -2.56175 0.313938 0.510484
20.8952 -2.56214 0.313816 0.510532
20.9 -2.56246 0.313788  0.51052
20.9048 -2.56278 0.313772 0.510556
20.9094  -2.5631 0.313725 0.510547
20.914 -2.56336 0.313787 0.510494
20.9185 -2.56361 0.313738 0.510499
20.923 -2.56381 0.313794 0.510444
20.9275 -2.56393  0.31382 0.510441
20.9321 -2.56401 0.313893 0.510355
20.9368 -2.56406 0.313914 0.510272
20.9416 -2.56388 0.314016 0.510134
20.9467 -2.56348   0.3141 0.510001
20.9522 -2.06257 0.109713 0.536173
20.9583   -1.5071 -0.224989  0.422195
20.9654   -1.0721 -0.419348  0.470789
20.974 -0.631948 -0.375228  0.721806
20.9858 -0.212279 -0.286142  0.602107
21.0066  0.373383 -0.298329 -0.353508
21.0238  0.856293 -0.420109 -0.521481
21.0333   1.13423 -0.455582 -0.632818
21.041    1.1345 -0.455825 -0.632821
21.0481    1.4489 -0.415078  -0.83511
21.0548   1.44908 -0.414991 -0.835329
21.0615   1.44913 -0.414845 -0.835622
21.0682   1.44913 -0.414528 -0.835998
21.0752   1.27216 -0.175173  -1.21705
21.0827    1.2718 -0.174524  -1.21744
21.0909 0.858404 0.162613  -1.5395
21.1001 0.638997 0.157868 -1.64743
21.1109 0.320097 0.272313 -1.69629
21.1234   0.17903 0.0834836  -1.61453
21.1378   0.176024 -0.0795348   -1.59265
21.1526  0.356192 -0.302544  -1.71577
21.1657  0.620221 -0.562217  -1.66626
21.1769   0.79467 -0.569471  -1.77199
21.1869  0.824939 -0.735073  -1.99328
21.1962  0.921847 -0.762884  -2.07863
21.2052   0.92192 -0.763137  -2.07894
21.2142   0.71747 -0.792687   -2.5442
21.2233   0.53144 -0.759645  -2.90085
21.2325  0.320744 -0.610036  -3.23473
21.242  0.161968 -0.569598  -3.27442
21.2516 0.00479356  -0.402645   -3.38651
21.2611 -0.0394927  -0.412073   -3.42545
21.2705 -0.0615918  -0.403181   -3.43804
21.2799 -0.114093  -0.38997  -3.45848
21.2894 -0.0832269  -0.332104   -3.44046
21.2992 -0.0953193  -0.320708   -3.42615
21.3096 -0.103833 -0.276808  -2.87949
21.321 -0.177097 -0.313863  -2.28593
21.3341 -0.232625 -0.223873  -1.83523
21.3491  -0.323566 -0.0700694   -1.56699
21.3657  -0.398121 -0.0264704   -1.32143
21.3831 -0.334395 0.0163919 -0.890114
21.4047 -0.258522  0.241325 -0.253517
21.4323 -0.269275  0.579837  0.778448
21.4498 -0.330877  0.776149   1.45419
21.4622 -0.377068  0.822897    2.0465
21.4727 -0.43104 0.765059  2.59317
21.4821 -0.439661  0.819535   3.18831
21.4905 -0.375543  0.900387   3.55384
21.4983 -0.376347  0.899912   3.55427
21.5055 -0.376981  0.899486   3.55474
21.5124 -0.377215  0.899307   3.55512
21.5191  -0.3775 0.898956  3.55554
21.5255 -0.377645  0.898576    3.5559
21.5318 -0.380098  0.652588   3.92234
21.538 -0.380234  0.652155   3.92267
21.544 -0.25362 0.320787  4.20716
21.55 -0.253659  0.320313   4.20741
21.5557  -0.185851 -0.0599006     4.4529
21.5615  -0.185689 -0.0601835    4.45311
21.5671   -0.18565 -0.0604475     4.4533
21.5726  -0.185616 -0.0606128    4.45347
21.5781  -0.185595 -0.0607971    4.45365
21.5836  -0.185569 -0.0609347    4.45386
21.5891   -0.18557 -0.0610657    4.45405
21.5945  -0.185565 -0.0610968    4.45424
21.6   -0.18558 -0.0610723    4.45443
21.6055  -0.185654 -0.0609328    4.45463
21.6111  -0.185723 -0.0607723    4.45483
21.6168  -0.185731 -0.0605431    4.45502
21.6226 -0.185825 -0.060358   4.45519
21.6286 -0.185929 -0.060071   4.45538
21.6348  -0.185931 -0.0598563     4.4555
21.6412  -0.185889 -0.0596093    4.45558
21.648  -0.185872 -0.0597212    4.45557
21.655  -0.185916 -0.0598037     4.4555
21.6624 0.00239301  -0.199196    4.19198
21.6704 0.00194329  -0.199281    4.19158
21.6793 -0.00652767   -0.172634     3.09437
21.69   0.139144 -0.0520369     1.5926
21.7065 0.530842 0.187928 0.684162
21.7238 0.734124 0.289871 0.059338
21.7362   0.903982     0.3171 -0.0263543
21.7471  0.913993  0.411679 -0.406604
21.757  0.932822  0.408852 -0.420551
21.7666   1.06282  0.311293 -0.688461
21.7761   1.12375  0.268687 -0.715233
21.7857   1.02964 -0.269724 -0.949112
21.7954  0.766202 -0.421756  -1.47425
21.8049    0.4255 -0.471566  -2.25165
21.8142  0.129911 -0.445615  -2.91509
21.8231 -0.153109  -0.60683  -3.30487
21.8312 -0.412857 -0.470998  -3.71353
21.8387 -0.595764 -0.339285  -4.07274
21.8458 -0.809888 -0.142535   -4.3503
21.8526 -0.917568  0.116508  -4.58989
21.859 -0.917655  0.117288   -4.5901
21.8652 -0.917763   0.11828   -4.5903
21.871 -1.08196 0.400776 -4.77478
21.8767 -1.08179 0.401674  -4.7749
21.8821 -1.08176  0.40194 -4.77505
21.8875 -1.08157 0.402475 -4.77518
21.8929 -1.08147 0.402658 -4.77532
21.8982 -1.08121 0.402922 -4.77544
21.9035 -1.08102 0.402929 -4.77557
21.9089 -1.08075 0.402636 -4.77572
21.9145 -0.573686  0.454252  -4.90209
21.9203 -0.213245  0.360508  -4.97109
21.9263 -0.213237  0.360119   -4.9712
21.9327 0.0696879 0.0638788  -4.97152
21.9393 0.0699112 0.0638512  -4.97149
21.9463 0.0702051 0.0636922  -4.97135
21.9537  0.255082 -0.124577  -4.67958
21.9617  0.161063 -0.104038  -4.26417
21.9703   0.133961 -0.0489242   -3.62198
21.9802  0.0388184 -0.0419512   -2.79262
21.9916 -0.0534557 -0.0879314    -2.1647
22.0056    -0.211 -0.137215  -1.58456
22.0229 -0.346633 0.0163306  -1.02834
22.0427 -0.370218  0.320816 -0.190035
22.0631 -0.440895  0.647941  0.291421
22.0781 -0.493248  0.918088   1.02934
22.0894 -0.558395   0.99452   1.51205
22.0993 -0.807421   1.07722    1.8319
22.108 -0.880867   1.02957   2.29549
22.1161 -0.881444   1.02928   2.29617
22.1238 -0.882239   1.02904   2.29654
22.1312 -1.40434  0.63113  2.38014
22.1383  -1.47983 -0.127821   2.39915
22.1449  -1.32955 -0.848745   2.33667
22.1512  -1.32894 -0.850111   2.33628
22.157  -1.32877 -0.851077   2.33598
22.1625  -1.32854 -0.852006   2.33567
22.1678 -1.32852 -0.85263  2.33549
22.1729  -1.32863 -0.852997   2.33541
22.178  -1.32858 -0.853587   2.33524
22.183  -1.32869 -0.853814   2.33523
22.1881  -1.32877 -0.854173   2.33517
22.1931  -1.32886 -0.854504   2.33514
22.1982   -1.3289 -0.854734   2.33517
22.2033  -1.32906 -0.854722    2.3353
22.2085  -1.32903 -0.855019    2.3353
22.2137  -1.32913 -0.855068   2.33545
22.2191  -1.32913 -0.855237   2.33551
22.2244  -1.32929 -0.855468    2.3355
22.2298  -1.32944 -0.855656   2.33545
22.2353  -1.32967 -0.856047   2.33529
22.2408   -1.3299 -0.856493   2.33507
22.2463 -1.47864  -1.4101  1.95156
22.252 -1.22023  -1.8021  1.60039
22.2578 -1.22001 -1.80224  1.60023
22.2637 -0.612063  -1.87097   1.41531
22.2701 -0.0282135   -1.36324    1.60363
22.2773 -0.139386 -0.464693   2.22621
22.2857 -0.101938 -0.102277   2.28715
22.2969    0.160721 -0.00315414     1.40946
22.315   0.477668 -0.0378213   0.710701
22.3343    0.53672   0.320285 -0.0539273
22.3489 0.366416 0.609316 -0.77236
22.3617 0.226616 0.623661 -1.51017
22.3733 0.0966003  0.481985  -2.02134
22.384 0.0969942  0.481717   -2.0218
22.3939 -0.014499  0.506193  -2.39955
22.403 0.027567 0.551244 -2.69277
22.4114 -0.180415  0.404375  -3.07006
22.419 -0.180034  0.404857   -3.0703
22.426 -0.179653  0.405254  -3.07054
22.4325 -0.179435  0.405386  -3.07082
22.4387 -0.179376  0.405648   -3.0711
22.4446 -0.179298  0.405931  -3.07133
22.4502 -0.179319   0.40603  -3.07157
22.4557 -0.17942 0.406019 -3.07186
22.461 -0.179386  0.406051   -3.0721
22.4662 -0.179515  0.406071  -3.07233
22.4715 -0.179565  0.406055  -3.07256
22.4766 -0.179697  0.406179  -3.07278
22.4817 -0.179705  0.406189  -3.07304
22.4869 -0.179726  0.406266   -3.0733
22.4921 -0.179725  0.406352  -3.07351
22.4972 -0.179767  0.406524  -3.07375
22.5025 -0.179692  0.406865  -3.07397
22.5079 -0.179677  0.407392  -3.07415
22.5134 0.138754 0.421774 -3.37945
22.5191 0.139007 0.421747 -3.37975
22.5249 0.508805 0.255432 -3.72162
22.531  0.72983 0.051684  -3.9979
22.5375  0.729897 0.0518022  -3.99809
22.5443  0.729859 0.0521789  -3.99823
22.5515   0.683081 -0.0654848   -3.99807
22.5595   0.682897 -0.0646171   -3.99788
22.5682     0.4577 -0.0932242   -3.58994
22.5775   0.439991 -0.0616079   -3.14627
22.5881    0.40588 -0.0345031   -2.58261
22.6001   0.329753 -0.0579203   -2.10084
22.6143   0.279171 -0.0091316   -1.48396
22.6337  0.133192  0.212173 -0.210677
22.6739 -0.127206  0.277364   1.73527
22.6927 -0.101289  0.325353   2.82217
22.7047 -0.0923411   0.218452    3.40639
22.7147 -0.0623742   0.225679    3.83559
22.7233 -0.0298448   0.116577    4.14408
22.7312 -0.0299711   0.116533    4.14435
22.7385 -0.0301875   0.116487    4.14479
22.7454 -0.030467  0.116392   4.14514
22.7518 -0.0307234   0.116055    4.14545
22.7578 -0.0309724   0.115788    4.14576
22.7636 -0.0312197   0.115499    4.14605
22.7691 -0.0314114   0.115245    4.14631
22.7745 -0.0316368   0.114985    4.14658
22.7798 -0.0319039   0.114725    4.14681
22.785 -0.0321058    0.11455    4.14704
22.7901 -0.0323262   0.114431    4.14725
22.7951 -0.032628   0.11436   4.14746
22.8 -0.0329403   0.114317    4.14766
22.805 -0.0332317   0.114304    4.14785
22.8099 -0.0336131   0.114355    4.14805
22.8149 -0.0340325   0.114408    4.14824
22.8199 -0.0343917   0.114502    4.14842
22.8249 -0.0348336   0.114546    4.14861
22.83 -0.0352802   0.114611    4.14879
22.8351 -0.03567 0.114618  4.14898
22.8404 -0.0361306   0.114541    4.14917
22.8457  -0.409718 -0.0620364    4.33183
22.8511  -0.409956 -0.0621894    4.33199
22.8566  -0.410148 -0.0625252    4.33214
22.8621  -0.49757 -0.479869   4.46761
22.8678 -0.497837 -0.479828   4.46775
22.8738 -0.497862 -0.480018   4.46785
22.88 -0.498156 -0.479885   4.46792
22.8864 -0.498542 -0.479391   4.46787
22.8933 -0.308473  -0.28049    4.1883
22.9012  -0.17256 0.0290472   3.70058
22.9107 -0.142983 0.0726772   2.50179
22.9236 0.190437 0.184017 0.494496
22.9472  0.719322  0.367348 -0.666355
22.9593 0.927988 0.288064 -1.04774
22.9691   1.05017 0.0866851  -1.38864
22.9779   1.05002 0.0861073  -1.38904
22.986      1.05 0.0856457  -1.38946
22.994  0.845218 -0.252843  -1.80542
23.0016 0.511867 -0.47167 -2.23244
23.009   0.36628 -0.321018  -2.71323
23.016  0.366337 -0.321177  -2.71363
23.0227  0.366438 -0.321266  -2.71403
23.0291 0.366591 -0.32132 -2.71442
23.0352    0.3668 -0.321289  -2.71479
23.0411  0.366809 -0.321299  -2.71511
23.0468  0.366815 -0.321246  -2.71546
23.0523  0.366836 -0.321128  -2.71576
23.0578  0.366903 -0.321012  -2.71608
23.0632  0.366892 -0.320795  -2.71641
23.0685  0.366857 -0.320708  -2.71671
23.0738  0.366723 -0.320691  -2.71701
23.0791  0.366542 -0.320642  -2.71733
23.0845  0.366429 -0.320836  -2.71761
23.0899  0.366122 -0.321091  -2.71784
23.0953  0.365759 -0.321331   -2.7181
23.1007  0.365471 -0.321707  -2.71834
23.1062 -0.181363 -0.685391  -2.92802
23.1117 -0.181866 -0.685759  -2.92816
23.1174 -0.545348 -0.642796  -3.17907
23.1231 -0.545419 -0.642548  -3.17937
23.1289 -0.679189 -0.406251  -3.52111
23.1351 -0.679028 -0.406061  -3.52141
23.1414 -0.452975 -0.164822    -3.832
23.1481 -0.252386 0.0556082  -4.09192
23.1553 -0.130002 0.0980782  -4.10588
23.1633 0.0537144  0.222454  -3.83612
23.1722 0.156194 0.238949  -3.1229
23.1825 0.115905 0.336741 -2.13897
23.1949 -0.0103343    0.39161   -1.21135
23.2108 -0.158977  0.227917 -0.787149
23.2342 -0.260796  0.157579 -0.134934
23.263 -0.537544  0.151217  0.449693
23.2816 -0.602942   0.22561  0.965905
23.2964 -0.639994   0.27461   1.40714
23.3099 -0.430894  0.201566   2.03692
23.3226 -0.341182 0.0873603   2.51407
23.3335  -0.293182 -0.0688951     2.9845
23.3426 -0.201442 -0.325439   3.25936
23.3504 -0.200912 -0.325871   3.25966
23.3574 -0.165123 -0.524328   3.62102
23.3639 -0.164692 -0.524566   3.62127
23.3699 -0.164496 -0.524805   3.62152
23.3756 -0.164399 -0.524986   3.62178
23.3812 -0.164353 -0.525098   3.62199
23.3865 -0.164504 -0.525177   3.62222
23.3917 -0.164687 -0.525203   3.62243
23.3968 -0.164853 -0.525252   3.62261
23.4017 -0.165153 -0.525317   3.62279
23.4067 -0.165445 -0.525343   3.62298
23.4116 -0.165822 -0.525369   3.62317
23.4165 -0.166173 -0.525373   3.62334
23.4214 -0.577179 -0.558121   3.79787
23.4263 -0.577473 -0.558176   3.79802
23.4311 -0.577789  -0.55823   3.79818
23.436 -0.578068 -0.558304   3.79832
23.4409 -0.578356 -0.558395   3.79846
23.4459 -0.578577 -0.558552    3.7986
23.4509 -0.578858 -0.558661   3.79876
23.4561 -0.578996  -0.55885   3.79893
23.4614 -0.579138 -0.559061    3.7991
23.4669  -0.57914 -0.559146    3.7993
23.4726 -0.309591 -0.863112   3.93017
23.4787 0.0935983  -0.80817   4.02423
23.4853  0.342949 -0.343698   3.98552
23.4928   0.424421 -0.0260939     3.7248
23.5015  0.56215 0.266833   3.2011
23.5112 0.802515 0.292045  2.44783
23.5208  1.19059 0.130655  1.81331
23.5292  1.19069 0.131219  1.81304
23.5368    1.50223 -0.0563696    1.45439
23.5441    1.50235 -0.0562086    1.45407
23.5513    1.50247 -0.0563366    1.45369
23.5585   1.62679 0.0961341  0.928748
23.5659   1.62674 0.0959395  0.928301
23.5737  1.44185 -0.17082 0.727285
23.5819   1.30686 -0.472986   0.27173
23.5905   1.36102 -0.779773 -0.131893
23.5986   1.30727  -1.05293 -0.502685
23.6059     1.336  -1.22844 -0.927891
23.6129   1.33599  -1.22883 -0.927992
23.6196   1.33608  -1.22934 -0.928032
23.626  1.49518 -1.49304 -1.29181
23.6323  1.49522 -1.49346 -1.29191
23.6384  1.49513 -1.49397 -1.29188
23.6444  1.49531 -1.49444 -1.29198
23.6504  1.49532 -1.49483 -1.29206
23.6564  1.49527 -1.49531 -1.29198
23.6625  1.49519 -1.49567 -1.29208
23.6687 0.937446 -1.90414 -1.19212
23.675 0.143829 -1.97577 -1.17538
23.6813 -0.569077  -1.87971  -1.16605
23.6876 -1.25217 -1.65247 -1.01343
23.6939  -1.75314  -1.32363 -0.865825
23.7001  -2.12222 -0.944633 -0.749422
23.7062  -2.12237 -0.944278 -0.749358
23.7124  -2.12262 -0.943838 -0.749257
23.7187   -2.1228 -0.943489 -0.749237
23.725  -2.12287 -0.943239 -0.748985
23.7316  -2.12277 -0.942731 -0.748847
23.7383  -2.01603 -0.422622 -0.817456
23.7453   -1.7315 0.0215159   -1.1512
23.7525 -1.48468 0.186973 -1.74033
23.76  -1.08334 0.0149634  -2.51465
23.7681 -1.08335  0.01439 -2.51484
23.7767 -0.812964 0.0655763  -2.72811
23.7859 -0.727706  0.296078  -2.61575
23.7959 -0.607507  0.325562  -2.15238
23.8071 -0.540906  0.247912  -1.13115
23.8212  -0.459711   0.313531 -0.0907968
23.8394 -0.442605  0.338417   1.36629
23.8561 -0.391061  0.446385   2.44108
23.8679 -0.454667  0.504139    2.9857
23.8774 -0.537958  0.551841   3.33463
23.8857 -0.572711   0.58323   3.72815
23.8934 -0.573521  0.582431   3.72856
23.9003 -0.57423 0.582103  3.72893
23.9069 -0.57493 0.581641  3.72927
23.9132 -0.872987   0.49351   4.00016
23.9191 -0.873403  0.492983   4.00045
23.9248 -0.873886  0.492418   4.00072
23.9302 -0.874388  0.491884   4.00096
23.9354 -0.874843  0.491443   4.00118
23.9404 -0.87531 0.490956  4.00139
23.9453 -0.87559 0.490795  4.00157
23.9501 -0.875972    0.4903   4.00174
23.9548 -0.87625 0.490005   4.0019
23.9594 -0.876529  0.489571   4.00205
23.9639 -0.876686  0.489336   4.00218
23.9684 -0.876981  0.488902   4.00231
23.9729 -0.877106  0.488715    4.0024
23.9774 -0.877283  0.488405   4.00251
23.9818 -0.877358  0.488244   4.00259
23.9863 -0.877467  0.488008   4.00267
23.9909 -0.877449   0.48802   4.00274
23.9957 -0.877479  0.487902    4.0028
24.0006 -0.877416  0.487896   4.00286
24.0057  -0.98492 0.0284649   4.11271
24.0111 -0.984865 0.0287668   4.11276
24.0169 -0.984624 0.0294088   4.11276
24.0232 -0.625578 -0.186456   3.99608
24.0301 -0.301002  -0.20067   3.76135
24.038 -0.112658 -0.107784   3.14415
24.0476 0.0679142  0.208552   1.65889
24.0621 0.438404 0.490967 0.327721
24.0769  0.601676  0.674922 -0.295623
24.0876  0.766019  0.704614 -0.691787
24.0967 0.954986 0.737585 -1.02601
24.1048 0.955503 0.737465 -1.02646
24.1123 0.956058 0.737381 -1.02687
24.1193 0.956611 0.737269 -1.02718
24.126  1.29284 0.686791 -1.17467
24.1325  1.29314 0.686533 -1.17493
24.1388  1.29343 0.686363 -1.17509
24.145  1.29377 0.686257 -1.17519
24.1512  1.29423 0.685811 -1.17529
24.1573  1.29464  0.68555 -1.17539
24.1631    1.295 0.685158 -1.17553
24.1688  1.29541 0.684768 -1.17565
24.1742  1.29581 0.684599 -1.17572
24.1795   1.2962 0.684377 -1.17583
24.1847  1.29658 0.684261 -1.17581
24.1898  1.29702 0.684068 -1.17583
24.1949  1.29741 0.683928 -1.17585
24.1999  1.29779 0.683883  -1.1758
24.205  1.29819 0.683841 -1.17581
24.2101  1.29863 0.683752 -1.17576
24.2152  1.29909 0.683636 -1.17578
24.2203   1.2994 0.683617 -1.17575
24.2255  1.29981  0.68358 -1.17582
24.2308   1.3001 0.683655 -1.17591
24.2362   1.3004 0.683724 -1.17604
24.2417  1.30066 0.683759 -1.17614
24.2474   1.3008 0.683751 -1.17626
24.2533  1.30093 0.683585 -1.17633
24.2596   1.4831 0.145292 -1.41082
24.2662   1.35791 -0.549121  -1.70548
24.2731  0.638875 -0.834663  -2.33992
24.2806  0.445245 0.0870277  -3.16213
24.2889  0.449848 -0.233607  -3.44755
24.2981  0.320987 -0.250718  -3.01159
24.3093  0.276621 -0.400928  -1.93514
24.3241  0.141959 -0.426856 -0.808369
24.3441 -0.105148 -0.268007  0.698197
24.37 -0.220351  0.142128   1.41141
24.3904 -0.179792  0.230687   2.01532
24.4048 -0.155209  0.234905   2.59988
24.4166 -0.165742 0.0992282   3.07223
24.4265 -0.238712 0.0296735   3.51805
24.4352  -0.394303 0.00481243    3.85428
24.4432   -0.39431 0.00397517    3.85463
24.4504   -0.39463 0.00349399    3.85498
24.4571  -0.394989 0.00295982     3.8553
24.4633  -0.682157 -0.0595373     4.1573
24.4693  -0.682321 -0.0600247    4.15755
24.475  -0.682527 -0.0604074    4.15781
24.4804 -0.682758 -0.060628   4.15804
24.4857  -0.682998 -0.0607497    4.15823
24.4908  -0.683234 -0.0609471    4.15839
24.4958  -0.683537 -0.0609788    4.15857
24.5007  -0.683853 -0.0608978    4.15875
24.5055  -0.684182 -0.0608712    4.15894
24.5103 -0.684491 -0.060771   4.15909
24.5151  -0.684816 -0.0606417    4.15923
24.5198  -0.685181 -0.0605653    4.15939
24.5245  -0.685566 -0.0602246    4.15956
24.5293  -0.685914 -0.0600917    4.15971
24.534  -0.686286 -0.0598709    4.15985
24.5388  -0.686624 -0.0597064    4.15999
24.5437  -0.687011 -0.0593982    4.16012
24.5487  -0.687356 -0.0593599    4.16027
24.5538 -0.687643 -0.059149   4.16038
24.5591  -0.687859 -0.0591395    4.16049
24.5646  -0.687967 -0.0591212    4.16061
24.5703  -0.687971 -0.0591895     4.1607
24.5763 -0.62348 -0.53814  4.18768
24.5825 -0.623776 -0.537746   4.18769
24.5893 -0.333158 -0.572981   3.95437
24.5967 -0.177643 -0.289479   3.44711
24.6057 -0.0403604 -0.0444027    1.86133
24.62 0.214642 0.379986 -0.29872
24.6417  0.649693  0.680343 -0.862144
24.6516 0.994276 0.686529 -1.09816
24.6598  1.26069  0.66233 -1.24131
24.6672  1.26128 0.661859 -1.24165
24.674   1.6907 0.561391 -1.20261
24.6804   1.6911 0.561029 -1.20282
24.6865  1.69158 0.560751 -1.20296
24.6924  1.69204 0.560615 -1.20294
24.6981  1.69254 0.560408   -1.203
24.7037  1.69303  0.56027 -1.20297
24.7093  1.69347 0.560044 -1.20297
24.7146  1.69392 0.559857 -1.20294
24.7199  1.69435  0.55963 -1.20289
24.7251  1.69475  0.55951 -1.20282
24.7303  1.69512  0.55931 -1.20283
24.7354  1.69543 0.559256 -1.20279
24.7406  1.69576 0.559149  -1.2028
24.7458  1.69607 0.558963 -1.20284
24.751  1.69626 0.558832 -1.20291
24.7562  1.69635 0.558636 -1.20301
24.7613  1.69646 0.558451 -1.20306
24.7666   1.6965 0.558299 -1.20316
24.7719  1.69656 0.558055 -1.20327
24.7773  1.69654 0.557812 -1.20331
24.7828  1.69641 0.557591 -1.20332
24.7884  1.69621 0.557209 -1.20328
24.7942   1.44945 -0.156564  -1.22592
24.8002   0.90956 -0.953621  -1.16222
24.8067 0.000481482      -1.205     -1.4201
24.8137 -0.586956 -0.669709  -1.99157
24.8214 -0.133906 -0.478454  -2.73186
24.8301 -0.214887 -0.307146  -2.76881
24.8407 -0.137404 -0.298639  -1.83131
24.8557  -0.202163  -0.299158 0.00981934
24.8798 -0.128091 -0.209749   1.50481
24.8958 -0.130571 -0.110736   2.26664
24.9078  -0.206026 -0.0901276     2.6649
24.918 -0.223326  0.018037   3.02337
24.927   -0.354949 -0.00969812     3.30993
24.9352    -0.35493 -0.00967857     3.31019
24.943 -0.421939  0.264296   3.57452
24.9503 -0.422147  0.264353   3.57478
24.9573 -0.46269  0.52607  3.81068
24.9639 -0.463157  0.525866   3.81088
