1 0.008098999 0.287006000 -0.00495087 -0.00134236  0.00132351
2 0.287010999 0.611134000 -0.00312124   0.0266348  0.00254643
3 0.611135000 0.779451000  -0.0334946  -0.0761884 -0.00102981
4 0.779451000 0.855888000 -0.0648184  -0.229837  -0.104824
5 0.855889999 0.914446000 0.0142336 -0.371601 -0.109137
6 0.914455000 0.963674000 0.00122132  -0.469811  0.0129381
7 0.963674000 0.997593999  0.173516 -0.810082 0.0308175
8 0.997597000 1.031290999  0.129983 -0.836731  0.165155
9 1.031290999 1.069700000 -0.0103768  -0.746608  0.0861641
10 1.069700000 1.104540000  0.107474 -0.973564 0.0613136
11 1.104540000 1.152348000 -0.0364253  -0.626543  0.0749586
12 1.152349000 1.197032999 0.0273742 -0.760518 -0.112983
13 1.197039999 1.267061999 -0.0398919   -0.34473  0.0419786
14 1.267063999 1.332112999  0.0355827  -0.463432 -0.0651482
15 1.332112999 1.417520999 0.0259801 -0.334885 -0.161849
16 1.417534999 1.573954000  0.0141388  0.0329692 -0.0635831
17 1.573955999 1.635533000 -0.0830153   0.457223   0.041824
18 1.635540000 1.675167999 -0.148698  0.830068 0.0174078
19 1.675169000 1.716554000 0.0760432  0.834884 0.0951351
20 1.716554000 1.754225999 0.0147183  0.969713  0.118017
21 1.754225999 1.787366999 0.0534585   1.07145 0.0630684
22 1.787367999 1.819119000 0.108037 0.966978 0.082044
23 1.819119000 1.846850999 0.129143  1.13007 0.137704
24 1.846850999 1.875551000  0.0515912    1.04807 -0.0389295
25 1.875553000 1.905035999  0.0341222     1.0172 -0.0693456
26 1.905037000 1.932195000 0.0218492   1.13121 -0.128287
27 1.932195000 1.955532999  0.130331   1.31653 -0.331289
28 1.955532999 1.977492999  0.223928   1.29989 -0.403123
29 1.977492999 1.999805000 0.209516   1.2674 -0.26925
30 1.999805000 2.023263000 0.0401628   1.27765 -0.142602
31 2.023263000 2.048266000 0.000536536     1.18484   -0.063459
32 2.048266999 2.076309000  0.0135587    1.00662 -0.0856324
33 2.076309999 2.105546000  -0.0687779     1.00107 -0.00886098
34 2.105546999 2.137015999 0.0266011  0.926404 0.0486377
35 2.137015999 2.171550999 0.0757932  0.808802   0.17647
36 2.171555999 2.209789000 -0.0350965   0.804579  0.0930525
37 2.209790000 2.251649000 -0.0817078   0.749825   0.132024
38 2.251652000 2.302168999 -0.125248  0.578864 0.0421392
39 2.302168999 2.373056999 -0.0595669   0.388161 -0.0345411
40 2.373058000 2.444881000 -0.0600847  -0.443371   0.336279
41 2.444881000 2.481558999 -0.243516  -0.86429   0.28307
42 2.481567000 2.510607999 -0.0171737   -1.26819   0.340122
43 2.510609000 2.543189999 -0.345637 -0.766571   0.29259
44 2.543191999 2.574178000 -0.257703 -0.890388  0.193017
45 2.574180000 2.603626999 -0.225781 -0.956552  0.141524
46 2.603628000 2.632761999  -0.319963  -0.795654 -0.0806969
47 2.632763000 2.662720000 -0.212549 -0.784876 -0.211183
48 2.662720000 2.690863999 -0.156964 -0.922314 -0.164219
49 2.690865000 2.717795000 -0.200468  -0.97956   0.05135
50 2.717796000 2.743041999 -0.176428  -1.10273  0.121996
51 2.743041999 2.768644000 -0.138377  -1.10086  0.123224
52 2.768644999 2.796250000 -0.0738629  -0.968573  0.0345047
53 2.796250000 2.824213000   0.06903 -0.994297 0.0515601
54 2.824213999 2.853702000 0.0269982 -0.935756 0.0787597
55 2.853709000 2.885206000  0.0152496    -0.8983 -0.0917271
56 2.885206999 2.923653000   0.134882  -0.670296 -0.0772804
57 2.923659000 2.983522000  0.047906 -0.373913 -0.135406
58 2.983523000 3.076715999   0.110949  -0.138233 -0.0679423
59 3.076722000 3.198306999  0.0226103  0.0588977 -0.0384465
60 3.198311000 3.248181000 -0.0206684   0.503784 -0.0284395
61 3.248182000 3.284153999 -0.0654525   0.785006   0.204337
62 3.284155000 3.313635999 -0.012925   1.02654 0.0962126
63 3.313635999 3.340937000 0.0423221    1.1082  0.119831
64 3.340937000 3.363994000 -0.00566244     1.38896     0.11953
65 3.363994000 3.386915999 -0.0132166    1.34652   0.107502
66 3.386915999 3.411602000 0.0641314   1.21602 0.0619383
67 3.411602999 3.435551999   0.124645    1.27819 -0.0211619
68 3.435553000 3.459830999  0.183818   1.26899 -0.269646
69 3.459832000 3.485488999  0.195907   1.17162 -0.310833
70 3.485488999 3.513199000 0.0714902   1.14874 -0.286494
71 3.513199000 3.541190999  0.104396   1.17894 -0.225004
72 3.541190999 3.569025000  0.167703   1.23825 -0.257852
73 3.569025999 3.598191999 0.0666917   1.25747 -0.405781
74 3.598191999 3.628173000 0.00188286    1.27686  -0.348023
75 3.628175000 3.661040000 0.0194602   1.17482 -0.216188
76 3.661040999 3.702429999 0.00550689   0.878256  -0.042976
77 3.702434999 3.829508000 -0.0170811   0.115725  0.0812078
78 3.829509000 3.896616999 0.0689076 -0.452802 0.0590162
79 3.896618000 3.940733999 0.0430904 -0.749323  0.150246
80 3.940735000 3.978296000 -0.172122 -0.834188 0.0587969
81 3.978296999 4.019067999 -0.0623005  -0.707943  0.0475619
82 4.019067999 4.063943000 0.0284757 -0.634421 0.0153657
83 4.063945000 4.094139000 -0.00606611    -1.12546   0.0866228
84 4.094142999 4.122857999 -0.014189  -1.12879  0.292517
85 4.122859000 4.148529000 -0.102664   -1.2643  0.231765
86 4.148529999 4.170386000 -0.0284048   -1.62028   0.122621
87 4.170387000 4.193059999 -0.0321704   -1.40415   0.170353
88 4.193061000 4.218351000 -0.206909  -1.11451  0.254133
89 4.218351000 4.240047000 -0.230704  -1.44496 0.0452433
90 4.240048000 4.259311999 0.00895742   -1.84398  0.0162811
91 4.259311999 4.280540999 -0.0073898   -1.55451   0.169787
92 4.280542999 4.313587999 -0.154533 -0.717951  0.310852
93 4.313587999 4.343009999 0.0213694   -1.0518  0.207212
94 4.343009999 4.371122999 -0.0674298   -1.17249   0.227287
95 4.371124000 4.411678000 -0.190934 -0.545823  0.226202
96 4.411678000 4.446823999   0.265029  -0.825815 -0.0656931
97 4.446825000 4.531504000 0.0632458 -0.221614 -0.122108
98 4.531504000 4.646696999   0.056704 -0.0606233  -0.083351
99 4.646698000 4.739815000 0.0573214  0.216065 -0.222582
100 4.739815999 4.774162999 -0.109242  0.909639  -0.30507
101 4.774165000 4.800922000 -0.0699644    1.29517  -0.261211
102 4.800922999 4.826990000 -0.0506712    1.27062  -0.138492
103 4.826990999 4.850626000 -0.0943719     1.4378  -0.131372
104 4.850626000 4.870690999 -0.074316   1.74445 -0.164704
105 4.870692000 4.889440999 -0.0180059    1.88879  -0.220998
106 4.889441999 4.908884000 0.0120552   1.71885 -0.331011
107 4.908889000 4.928815000 0.0596174   1.68419 -0.330637
108 4.928815000 4.948520000 0.0287636   1.74379 -0.103463
109 4.948520999 4.969628000 0.00553858    1.62465 -0.0482568
110 4.969628000 4.992587000  0.0514903    1.50072 -0.0528945
111 4.992587000 5.016602000 0.0640605    1.5115 -0.163363
112 5.016602000 5.041041999 0.0675471   1.56018 -0.205921
113 5.041041999 5.068892999  0.134375   1.33862 -0.253545
114 5.068892999 5.098468000  0.180115   1.28876 -0.242995
115 5.098471999 5.132422999   0.12932   1.10523 -0.152336
116 5.132422999 5.173223999  0.0429094   0.911448 -0.0327416
117 5.173223999 5.234904000 0.000880135    0.509387    0.075995
118 5.234904999 5.325537000 0.0667439 -0.117036   0.38791
119 5.325538000 5.373303999 -0.0551713  -0.762616   0.521861
120 5.373307000 5.414517000 -0.00747401   -0.835258    0.418573
121 5.414517000 5.456668000 -0.0508652  -0.774476   0.210586
122 5.456669999 5.504433000   0.118839  -0.591134 -0.0364239
123 5.504434000 5.536213999   0.24856  -1.17171 -0.110997
124 5.536213999 5.563333000 0.0853502  -1.41556 0.0318283
125 5.563333000 5.591281000 -0.233758  -1.16484 0.0759011
126 5.591281000 5.612522999  -0.340538   -1.72272 -0.0613908
127 5.612524000 5.631748000    -0.3394   -1.92669 -0.0330823
128 5.631748000 5.650584999 -0.336881  -1.82602 0.0837553
129 5.650584999 5.671189999 -0.398935  -1.44164 0.0336188
130 5.671189999 5.692957999 -0.247563   -1.3956 -0.249773
131 5.692957999 5.713492000 -0.111516  -1.70762 -0.279221
132 5.713500000 5.732397000 -0.243988  -1.92607    -0.251
133 5.732398000 5.753131999 -0.388434  -1.55219 -0.130866
134 5.753133000 5.784511999 -0.0112269  -0.877974  0.0409985
135 5.784513000 5.813625999   0.430413   -1.00645 -0.0894081
136 5.813625999 5.898761000  0.0398894  -0.188908 -0.0886763
137 5.898763000 6.005559999 0.0671691  0.118015 -0.192355
138 6.005559999 6.059901999  0.350734 0.0738934 -0.209521
139 6.059903000 6.096624000  0.543658   0.25105 -0.157253
140 6.096624999 6.125667000   0.951143 0.00763605  -0.101973
141 6.125669999 6.151531999     1.11737    0.127037 -0.00519989
142 6.151533000 6.176551000    1.19538  0.0701986 -0.0639023
143 6.176551999 6.201746000    1.33413 -0.0256254 -0.0970935
144 6.201746000 6.226034999    1.4495 -0.219154 -0.122227
145 6.226036000 6.251785000    1.35011  -0.189238 -0.0811319
146 6.251785999 6.279196000    1.22458  -0.280155 -0.0155345
147 6.279197000 6.307537000   1.18332 -0.341916 -0.113538
148 6.307537999 6.336052999    1.26448 -0.0848617  -0.345675
149 6.336053999 6.366255000   1.24423 -0.133981 -0.356492
150 6.366256999 6.399533000   1.15097 -0.180288 -0.181076
151 6.399533999 6.433750999   1.14481 -0.180596  0.083444
152 6.433750999 6.473561999  0.955023 -0.264459  0.158139
153 6.473565000 6.539864999  0.566896 -0.142366 0.0451281
154 6.539866000 6.662834000 0.0445005 0.0571358 -0.165379
155 6.662834000 6.726013000 -0.594273 -0.159383  0.171514
156 6.726013999 6.766804000  -0.924872   0.157761 -0.0795431
157 6.766805999 6.800508000  -1.14766 0.0132022 -0.341124
158 6.800509000 6.835438000 -1.03597 0.225169 -0.11139
159 6.835438000 6.866320999  -1.03016  0.787928 0.0923467
160 6.866322000 6.890565000 -1.51731 0.614324 0.286813
161 6.890568000 6.911956000 -1.87152 0.383623 0.452724
162 6.911956999 6.930432999 -2.18835 0.543612 0.574702
163 6.930432999 6.947390000 -2.39512 0.558062 0.526207
164 6.947390000 6.964537000  -2.2416 0.431773   0.5361
165 6.964537000 6.982597999 -1.93196   0.3696  0.62162
166 6.982599000 7.000308999 -1.85766 0.415719  0.53321
167 7.000309999 7.017606000 -1.93199 0.405412 0.324405
168 7.017606000 7.036334000 -1.61012 0.293073 0.169672
169 7.036334000 7.058510999 -1.15052 0.323131 0.238809
170 7.058510999 7.079712000  -1.26392  0.149542 0.0300852
171 7.079712000 7.096586000  -1.80838 0.0921538 -0.290067
172 7.096586999 7.112287000  -1.92337  0.232669 -0.237605
173 7.112287000 7.129331000   -1.59174   0.362174 -0.0720161
174 7.129332000 7.150876000  -0.983843   0.345998 -0.0745571
175 7.150876999 7.174077000 -0.913618   0.13969 -0.321636
176 7.174077999 7.193925999  -1.22145  0.179411 -0.340436
177 7.193927000 7.213735999 -1.19998 0.355818 -0.14798
178 7.213735999 7.237899000 -0.817382  0.323814 -0.162589
179 7.237902000 7.270165999 -0.514608 0.0645891 -0.158012
180 7.270166999 7.303117999 -0.542437 0.0208378 -0.030997
181 7.303119000 7.407800000  0.0616099  0.0129418 -0.0238837
182 7.407800000 7.440894999    0.564967 0.000954468    0.112287
183 7.440896000 7.466341000   0.860099 -0.0997318  0.0959029
184 7.466341000 7.487952000    1.10399 -0.0950494  0.0124749
185 7.487952000 7.508632000    1.18369 -0.0361188 -0.0180375
186 7.508632000 7.528475000    1.22816  -0.241158 -0.0957497
187 7.528475000 7.546253999   1.50974 -0.573214 -0.178235
188 7.546255000 7.562523000    1.78718  -0.701533 -0.0856457
189 7.562523000 7.578492000   1.92427 -0.574541 0.0316059
190 7.578492000 7.595570999   1.80043 -0.240286  0.252328
191 7.595572000 7.613410000   1.70248 0.0469401  0.377596
192 7.613410000 7.631985000   1.68281 0.0320218  0.282193
193 7.631985999 7.650807000   1.77729 -0.349345  0.100677
194 7.650807000 7.669549999   1.84774 -0.460252 0.0624095
195 7.669551000 7.688492000    1.92335  -0.340283 -0.0624318
196 7.688492999 7.707385000     2.045  -0.20238 -0.281191
197 7.707385000 7.726284999   2.10114 -0.147273  -0.39761
198 7.726284999 7.745794000   2.04579 -0.313095 -0.452371
199 7.745794000 7.765871000   1.97824 -0.354712 -0.521978
200 7.765871000 7.788038999    1.85068 -0.0854091  -0.512472
201 7.788040000 7.812974000    1.64086 -0.0326287  -0.601202
202 7.812974000 7.841597000   1.43613 -0.126383 -0.184953
203 7.841597000 7.873110000   1.25165 -0.308898  0.182338
204 7.873110000 7.909404000   1.11974 -0.269453 0.0968415
205 7.909404000 7.965757999  0.776675 -0.103867 -0.145323
206 7.965761000 8.098450999 0.00423288 -0.0471711 0.00950325
207 8.098450999 8.145847000   -1.04409 0.00133524   0.211875
208 8.145851999 8.179437999 -1.25784 0.260699 0.101388
209 8.179439000 8.205534999  -1.63183  0.324184 -0.104935
210 8.205534999 8.229367000    -1.8085   0.297181 -0.0904409
211 8.229367999 8.250966999   -1.95873   0.370094 -0.0279766
212 8.250968000 8.270771999 -2.14091 0.429974 0.018317
213 8.270771999 8.289633000 -2.09582 0.412586 0.125938
214 8.289636999 8.309633999 -1.89407 0.264506 0.213997
215 8.309633999 8.330430999 -1.68169 0.162065 0.393531
216 8.330430999 8.351442000 -1.62283 0.141558 0.500248
217 8.351442000 8.372536000 -1.51377 0.099259 0.498706
218 8.372536999 8.398187000  -1.0224 0.198652 0.402263
219 8.398192000 8.438964999 -0.468063   0.13311  0.148619
220 8.438966000 8.553126000  -0.0372124    0.110423 -0.00572591
221 8.553126000 8.586546999  -0.687221    0.21237 -0.0245771
222 8.586551000 8.611228000  -1.01554  0.240502 -0.209371
223 8.611231000 8.635852000 -0.988336 0.0200223 -0.283271
224 8.635852999 8.660380999 -0.937279 0.0469215 -0.289561
225 8.660380999 8.683562000  -1.02327  0.257186 -0.156755
226 8.683562999 8.703474999 -1.26211  0.30651  -0.1964
227 8.703476000 8.723343000  -1.23323 0.0627878 -0.193014
228 8.723343000 8.746838999  -0.864084  -0.119099 -0.0980105
229 8.746838999 8.797022000 0.0619011 -0.202892  0.112142
230 8.797022000 8.830026000   0.608778 -0.0436449 -0.0880731
231 8.830026000 8.860096999   0.689668 0.00950119  -0.134109
232 8.860097999 8.882709000    1.14044 -0.0365521  -0.194747
233 8.882709999 8.901559000    1.52773 -0.0323535  -0.139268
234 8.901559000 8.920382999   1.57296  0.031564 0.0312331
235 8.920382999 8.940514999   1.43941 0.0499277  0.066013
236 8.940516000 8.961549999    1.41188 -0.0456297 -0.0863671
237 8.961549999 8.981111000   1.67152 -0.288193  -0.17551
238 8.981111000 8.999224000   1.94292  -0.56486 -0.103442
239 8.999224000 9.017059999   2.11567 -0.563325 -0.177116
240 9.017059999 9.036149999   2.01795 -0.170449  -0.23568
241 9.036151000 9.057328999    1.77591 -0.0516673  -0.387804
242 9.057328999 9.079845000    1.65553 -0.0926317  -0.489626
243 9.079846000 9.103913000   1.60491 -0.202488 -0.462078
244 9.103913999 9.132731999    1.24276 -0.0557109  -0.190529
245 9.132733000 9.166342000   1.06016 -0.246606 0.0345112
246 9.166342999 9.201214999   1.02725 -0.301337  0.377475
247 9.201214999 9.244090999  0.828268 -0.139846  0.326815
248 9.244092000 9.302566999   0.644528 0.00475326   0.108547
249 9.302566999 9.413724000 -0.0350262  -0.123958   0.120468
250 9.413728999 9.472171000 -0.610484 0.0924736 -0.140455
251 9.472171999 9.506741000    -1.068  0.349273 -0.223091
252 9.506742000 9.528771999  -1.94271   0.70874 -0.200985
253 9.528772999 9.548633000  -2.18234  0.528763 -0.148482
254 9.548633999 9.569097999   -2.0182  0.230709 0.0122504
255 9.569097999 9.589135000 -1.96714 0.121166 0.166795
256 9.589135000 9.606676999 -2.33747 0.145338 0.220242
257 9.606678000 9.622062000    -2.74753    0.286712 -0.00891602
258 9.622062000 9.636470999  -2.90269  0.135162 -0.102326
259 9.636474999 9.650822000  -2.68857 0.0523225 -0.123388
260 9.650822000 9.666303000   -2.25529  0.0162633 -0.0452182
261 9.666303000 9.682603999   -2.01743  0.0604237 -0.0266862
262 9.682603999 9.698732000    -1.9414  0.0509017 -0.0785687
263 9.698732999 9.714270999  -2.05657 0.0234758 -0.183969
264 9.714271999 9.729377000  -2.05581 0.0341051 -0.259163
265 9.729377000 9.745050999  -1.85447 0.0822044 -0.242355
266 9.745053000 9.762409000  -1.55235  0.134655 -0.124078
267 9.762409000 9.780768000  -1.40871 0.0151315 -0.191955
268 9.780769000 9.798522000   -1.43885 -0.0424941  -0.251774
269 9.798522000 9.816992999   -1.36506 0.00586041  -0.299921
270 9.816993999 9.839684000  -0.95786 0.0772841 -0.051997
271 9.839686999 9.866248999 -0.747143 0.0168464  0.159561
272 9.866249999 9.891841000 -0.761766 -0.139401 -0.109328
273 9.891841000 9.948863999      0.103 -0.0849813 0.00820065
274 9.948866999 9.988567999   0.460149 -0.0107506 -0.0676726
275 9.988567999 10.015843999   0.815988 -0.0268546  0.0206664
276 10.015846999 10.042336000   0.829351 -0.0170801  0.0158224
277 10.042336999 10.066329999    0.98494  -0.185919 -0.0774272
278 10.066331000 10.087859000   1.16812 -0.268044 -0.203719
279 10.087859000 10.108780000    1.20675 -0.0332827  -0.212846
280 10.108780999 10.129125000   1.26488 0.0659527 -0.375678
281 10.129125000 10.148117000   1.44619 0.0745511 -0.485601
282 10.148121000 10.165988000   1.61971 0.0633911 -0.381501
283 10.165988000 10.184275999   1.58762 -0.026915 -0.410311
284 10.184277000 10.202579999   1.62477 -0.235626 -0.659417
285 10.202581000 10.220345000   1.78405 -0.128726 -0.807349
286 10.220345000 10.238034000    1.88871 0.00539529   -1.03579
287 10.238034999 10.257233999  1.68246 0.281396 -1.12677
288 10.257233999 10.281914999  1.04704 0.466381 -1.20981
289 10.281914999 10.324336999   0.46077 0.0149805 -0.995037
290 10.324337999 10.382568000  0.196513 0.0462379 -0.989111
291 10.382568000 10.425675000 0.287673 0.170606 -1.68218
292 10.425676999 10.473029999   0.193649 -0.0765171   -1.65583
293 10.473031000 10.522463000 0.179355 0.121505 -1.66821
294 10.522467999 10.566508999 -0.0271826 -0.0295127   -1.94307
295 10.566509999 10.612826000 0.0420709  0.148938  -1.77629
296 10.612827000 10.662104999 -0.0769063 -0.0887428   -1.45076
297 10.662107000 10.718359999 -0.0106206  0.0556493   -1.29044
298 10.718361000 10.776819000 -0.0328266  0.0767081   -1.22024
299 10.776819999 10.851340999 -0.041078  0.126491 -0.848875
300 10.851340999 10.964709000 -0.0551316  0.0598469   -0.17156
301 10.964709000 11.018621000 -0.0818282  -0.242124    1.56225
302 11.018621000 11.049429999 0.0644033 -0.623545   3.04924
303 11.049429999 11.078906999 -0.121201 -0.489285   3.41514
304 11.078908000 11.108521000 -0.194621 -0.463545   3.30488
305 11.108521999 11.141246000 0.0291946 -0.191797   2.80615
306 11.141246000 11.173138000  0.305924 -0.343576   2.62259
307 11.173138000 11.205274999 0.0273489 -0.175199   2.85744
308 11.205274999 11.240955000 -0.0592605  -0.134423    2.41373
309 11.240955999 11.275674000   0.237633 -0.0287494    2.41282
310 11.275675000 11.312914999 0.0513829  0.144435   2.09655
311 11.312915999 11.348204000 -0.00296156   -0.069769     2.35698
312 11.348204000 11.384061000 -0.110032 -0.105353   2.30096
313 11.384064000 11.416915999 0.0490298 -0.109929   2.61854
314 11.416916999 11.452987999 -0.0109537   0.144608    2.22309
315 11.452992000 11.487655999   0.371953 -0.0203652    2.36488
316 11.487657000 11.522792999 -0.132961 -0.029925   2.61541
317 11.522793999 11.560853000 -0.293784 -0.147622   2.13298
318 11.560854000 11.596657999  -0.35882 -0.300215   2.25821
319 11.596660999 11.637486000 -0.271201 -0.280203   1.73896
320 11.637486999 11.689897000 -0.303941  -0.16523  0.900832
321 11.689898000 11.751617999  -0.12746  0.156015 -0.995515
322 11.751619000 11.786996000 0.156991 0.374757 -2.57678
323 11.786996000 11.819460999 -0.07331    0.306 -2.84768
324 11.819460999 11.849445999 -0.237627  0.415763  -2.93792
325 11.849446999 11.879716000 0.202393 0.597517 -2.62881
326 11.879717999 11.910366000 0.121538 0.406031 -2.63368
327 11.910366999 11.942880999 0.0634697  0.330248  -2.41978
328 11.942881999 11.974162999 0.295029 0.227471 -2.52384
329 11.974162999 12.004759999 0.0869651  0.228157  -2.58582
330 12.004759999 12.034014000 0.000445028    0.236625    -2.65882
331 12.034014000 12.061667999 0.0637483 0.0180969  -2.92622
332 12.061670000 12.089395999  -0.0800612 -0.00489991    -2.88369
333 12.089395999 12.119587000 0.160158 0.333113 -2.54138
334 12.119590000 12.150550000 0.350928 0.063051   -2.686
335 12.150550999 12.184884999 0.0559536 -0.247441  -2.24659
336 12.184886000 12.221147000 -0.0545387   0.122813   -2.18446
337 12.221155000 12.254240000 0.185734 0.147748  -2.6958
338 12.254241999 12.291123999    0.114455 -0.00588093    -2.32656
339 12.291124999 12.336696999 -0.0183672  -0.181975   -1.37411
340 12.336698000 12.379845000 0.0822886 -0.390946  -1.10151
341 12.379845999 12.422697000 -0.200679 -0.254679  -1.26573
342 12.422697000 12.545104000   0.0418893 -0.00248169  -0.0404259
343 12.545105000 12.595142000   0.084921 -0.0593811    1.58172
344 12.595142000 12.628583000  0.0897898 -0.0789545    2.77811
345 12.628583000 12.658334999  0.103557 -0.182308   3.27134
346 12.658336000 12.686353999 -0.121613 -0.322784   3.58025
347 12.686355999 12.711498000 -0.212274 -0.493305   3.90378
348 12.711498000 12.734941000 0.0606318 -0.519464   4.14396
349 12.734941999 12.760068999  0.136141 0.0495657    3.8349
350 12.760070000 12.788459000 0.101364  0.07028  3.10358
351 12.788459000 12.819574000   0.28073 -0.135928    2.6668
352 12.819574000 12.851871000  0.322376 -0.058657   2.62372
353 12.851871999 12.881432999   0.531347 -0.0417456    2.87658
354 12.881434000 12.911997000  0.399629 0.0445273    2.7304
355 12.911999000 12.946118000  0.257282 -0.115583    2.5222
356 12.946122000 12.982532000  0.162886 -0.115349   2.42882
357 12.982532000 13.022351999  0.224323 -0.144726   2.19952
358 13.022353999 13.064507999  -0.193334 -0.0827538    2.03625
359 13.064507999 13.108258000  -0.413098 -0.0342926    1.63159
360 13.108258999 13.150274999 -0.530781 -0.215916   1.12742
361 13.150274999 13.222303999 -0.259437 -0.161507 0.0967295
362 13.222303999 13.284938999   -0.18555 -0.0379352   -1.32089
363 13.284940999 13.322159000 -0.118437  0.203838  -2.91353
364 13.322159999 13.354712000 0.115308 0.325979 -3.31907
365 13.354712999 13.386923000 -0.0467786   0.372686   -3.14119
366 13.386926000 13.419628000 0.100947 0.166396 -2.90778
367 13.419628999 13.455215000   0.464578 -0.0174066   -2.26684
368 13.455216999 13.494176000  0.121215 -0.591658  -2.22555
369 13.494176999 13.537508999 -0.0442073  -0.492129   -1.98768
370 13.537519000 13.571712000 0.0962001  0.776967  -1.70196
371 13.571712000 13.601826000 0.337841 0.917189 -1.33998
372 13.601829000 13.636343999  0.204037  0.877342 -0.366526
373 13.636345000 13.670143999 0.214779  0.94433 0.130744
374 13.670143999 13.711738999  0.131412  0.672503 -0.148667
375 13.711738999 13.787412999 -0.168657 0.0899819  0.376205
376 13.787414000 13.835810000 -0.0911628  -0.473787   0.653318
377 13.835810000 13.876347999 -0.320753 -0.497187  0.456713
378 13.876348999 13.908551000 0.071931 -1.28456 0.148954
379 13.908551000 13.937634999  0.250723  -1.75395 0.0325962
380 13.937635999 13.974756999 -0.0833295   -1.07377  -0.227325
381 13.974757999 14.001596000 -0.288684  -1.72806 -0.258812
382 14.001596000 14.026864999  0.0369175   -2.08563 -0.0221336
383 14.026867999 14.051980999    0.448948    -2.09709 -0.00464149
384 14.051982000 14.074081999 0.670026 -2.22431 0.265908
385 14.074083000 14.095067999 0.442972 -2.42003 0.361715
386 14.095067999 14.115039999  0.11113 -2.41238 0.370121
387 14.115040999 14.135353000 0.0230672  -2.06855  0.252356
388 14.135353000 14.156003000 0.282163 -1.85056 0.204465
389 14.156003000 14.178016000   0.320778   -1.46794 0.00255158
390 14.178016000 14.207081000   0.127791  -0.957024 -0.0837878
391 14.207081000 14.244732000   0.267965  -0.499023 -0.0547618
392 14.244732999 14.282328999  0.248219 -0.490824  0.161172
393 14.282328999 14.336563000  0.08194 0.296453   0.1702
394 14.336563000 14.370023000 -0.0137191   0.856716   0.188173
395 14.370023999 14.394571999 -0.264116   1.30945  0.390044
396 14.394575000 14.417427999 -0.167496   1.64604   0.40436
397 14.417432000 14.441892000 -0.150452   1.68165  0.293233
398 14.441892000 14.466604999 -0.191007   1.79077  0.186806
399 14.466604999 14.490311000 -0.212695   2.07707 0.0851021
400 14.490311000 14.512507999  -0.306729    2.47526 -0.0235225
401 14.512507999 14.534768999 -0.277145   2.68628 -0.343918
402 14.534768999 14.558041000 -0.0205397     2.6524  -0.217569
403 14.558041000 14.581222999 -0.0302918    2.68796  -0.030759
404 14.581224000 14.604218999 -0.207415   2.59306 0.0036286
405 14.604219999 14.626922999 -0.0355757    2.31673    0.23973
406 14.626922999 14.647719000 0.0174111   2.20686   0.58643
407 14.647720000 14.667854000 -0.0116988    2.21709   0.473819
408 14.667855000 14.688899000 -0.0105203    1.94081   0.306452
409 14.688899000 14.712314000 -0.105392   1.54374    0.4737
410 14.712314000 14.734868000 -0.314987    1.6012  0.521519
411 14.734869000 14.757862000 -0.256088   1.58447  0.405783
412 14.757862000 14.784519000 -0.0507594    1.29394   0.264882
413 14.784519000 14.815496000 -0.242348   1.02744  0.298405
414 14.815498000 14.851587000 -0.403152  0.745501  0.234331
415 14.851587000 14.901315999 -0.410023  0.254847  0.322275
416 14.901328000 14.950248000 -0.168365 -0.493007 0.0209345
417 14.950248000 14.975082999 -0.357254  -1.22837 -0.395078
418 14.975084000 14.997877000 -0.102596  -1.48473 -0.592215
419 14.997877999 15.021611999 0.0922832  -1.44077  -0.34942
420 15.021613000 15.041477999  0.249919   -1.9088 -0.297458
421 15.041477999 15.059492000    0.3985  -2.20792 -0.311304
422 15.059493000 15.079987999  0.232455  -1.88038 -0.182688
423 15.079987999 15.102209000 0.0102896    -1.881 0.0325426
424 15.102209000 15.123368999 0.0389176  -2.16562 0.0350263
425 15.123369999 15.143974999  0.212333  -2.46001 -0.249714
426 15.143974999 15.165608000  0.271261  -2.76279 -0.493114
427 15.165608999 15.189663000 0.138452 -2.52792 -0.38642
428 15.189663999 15.219019000 0.0458819  -1.83682   -0.4639
429 15.219019000 15.249809999  0.306875  -1.62219 -0.395547
430 15.249810999 15.275821999  0.336229  -2.00987 -0.211027
431 15.275823000 15.302103000  0.0529501   -1.84029 -0.0744587
432 15.302103999 15.339955999 0.0538332 -0.934831 -0.224476
433 15.339958000 15.404179000 -0.018659 -0.412661 -0.205394
434 15.404180999 15.447408000 0.00690289   0.875714  -0.205633
435 15.447408999 15.482114000 -0.0597376    1.14213 -0.0199495
436 15.482114000 15.517224999 -0.0998738    1.28217   0.141607
437 15.517225999 15.546353999 -0.193361   1.85583  0.287367
438 15.546355000 15.573614000 -0.154561   2.13055  0.149046
439 15.573614999 15.600285999 -0.125147   2.21983  0.176021
440 15.600285999 15.624941000 -0.278106   2.31995  0.199095
441 15.624941000 15.646797000 -0.182064   2.49735  0.130705
442 15.646797000 15.665380999 0.163081  2.62149 0.208802
443 15.665380999 15.682990999 0.319839  2.46846 0.132184
444 15.682990999 15.701200999  0.260675   2.25882 0.0236074
445 15.701203999 15.720141000  0.259716   1.98619 -0.198898
446 15.720142000 15.739561000  0.327982    1.7978 -0.159473
447 15.739562000 15.761187000  0.162926   1.62024 0.0615032
448 15.761187000 15.785075000 -0.196778   1.50272  0.117261
449 15.785075000 15.810414000  -0.22722   1.38026 0.0275408
450 15.810414000 15.839703999 -0.0933817    1.19048 -0.0656638
451 15.839705000 15.875220999  -0.190944   0.922909 -0.0145703
452 15.875221999 15.924166999 -0.228916  0.570739  0.174506
453 15.924166999 16.007619000 -0.0925224  0.0200866   0.164354
454 16.007620000 16.043850999  -0.234072  -0.797432 0.00369846
455 16.043851999 16.077092999 0.0862392  -1.00492 0.0836189
456 16.077092999 16.096741000   0.412266   -2.13712 -0.0116151
457 16.096742000 16.113237000  0.517932  -2.71031 0.0426136
458 16.113238000 16.129973000  0.24075 -2.58213  0.14936
459 16.129973000 16.148481999 -0.298154  -2.00556 0.0399969
460 16.148481999 16.167132000 -0.490772  -1.77005 -0.222437
461 16.167132000 16.187027999 -0.100756  -2.05352 -0.257305
462 16.187029000 16.205502000   0.407384   -2.52289 -0.0625222
463 16.205502999 16.223195999    0.583975    -2.94718 -0.00553186
464 16.223197000 16.243254999 0.327427 -2.83653 0.305394
465 16.243254999 16.271285999 -0.0107185   -1.91782   0.280728
466 16.271285999 16.308093999 0.0630335   -1.3604 -0.288187
467 16.308093999 16.341085999 -0.181558  -1.61313  -0.52697
468 16.341085999 16.373300999 -0.481498  -1.31601 -0.435444
469 16.373302000 16.407648000 -0.428759  -1.06261 -0.518892
470 16.407648000 16.438623000 -0.311955  -1.39902 -0.486327
471 16.438623000 16.468968999 -0.308964  -1.23487 -0.203189
472 16.468968999 16.535657999 -0.0331171  0.0553356  -0.226239
473 16.535659999 16.578115999 0.291722 0.762765 0.100162
474 16.578117999 16.610359000 0.211181  1.40029 0.316117
475 16.610359999 16.637641000 0.286225  2.04042  0.46892
476 16.637641000 16.663059999 0.186003  2.40288 0.465489
477 16.663061000 16.688038999 -0.0217122    2.56175   0.440531
478 16.688038999 16.711236999 -0.0688864    2.54033   0.417152
479 16.711236999 16.732635000 -0.00781888     2.44025    0.145807
480 16.732639000 16.753465000 -0.00852452     2.23927   0.0538615
481 16.753465000 16.773982999 0.0169572   2.18893 0.0856106
482 16.773984000 16.792295000 0.0279334   2.50003 0.0654074
483 16.792295000 16.809499999  0.138648   2.55298 -0.093786
484 16.809499999 16.826662999  0.264292   2.45641 -0.430062
485 16.826663999 16.844036999  0.394101   2.35196 -0.494439
486 16.844036999 16.862775999 0.433425   2.1157 -0.36826
487 16.862775999 16.884649000  0.354378    1.7001 -0.107349
488 16.884649999 16.911759999  0.12043  1.35973 0.143343
489 16.911761000 16.945022000 -0.0145065    1.12955   0.210784
490 16.945023999 16.987271000 -0.0957826   0.877547  0.0766572
491 16.987271999 17.062941000 -0.102205  0.247639   0.46066
492 17.062953999 17.116442000 -0.0835627  -0.661916   0.296058
493 17.116442999 17.143676999  -0.484751   -1.27373 -0.0772051
494 17.143677999 17.166079999  -0.58035  -1.52788 -0.176309
495 17.166081000 17.186739999 -0.00578463     -2.2472   0.0141402
496 17.186739999 17.205357000 0.280706 -2.43796 0.160684
497 17.205357000 17.224593000  -0.161533   -2.09974 -0.0403636
498 17.224593000 17.241889999 -0.857706  -1.82308  -0.50205
499 17.241889999 17.258373000 -0.865298   -1.8428 -0.755793
500 17.258373999 17.276287999 -0.219675  -2.01324 -0.774951
501 17.276289000 17.295544999  0.44916 -2.10342 -0.68157
502 17.295544999 17.315247000 0.555739 -2.24959 -0.64821
503 17.315247000 17.335824999 0.0918924  -2.32075 -0.659277
504 17.335824999 17.359018999 -0.232435  -1.90918 -0.533155
505 17.359019999 17.385993000 -0.0360723   -1.75065  -0.255606
506 17.385993999 17.415118000 0.0227379  -1.82174 -0.107302
507 17.415118000 17.445455999 -0.00157363    -1.76142 9.87516e-05
508 17.445456999 17.490387000  0.116197  -0.97362 -0.108782
509 17.490388000 17.529016000 -0.0379721   -1.23331   -0.17334
510 17.529017000 17.568094000 -0.0202911   -1.11531  -0.132707
511 17.568094000 17.628248000  0.154828 -0.528451 -0.263466
512 17.628248000 17.681179999  0.180438  0.567755 -0.453303
513 17.681181000 17.711793999 0.0379105   1.63272 -0.194985
514 17.711795000 17.738705999 -0.095827   2.22648  0.127605
515 17.738707000 17.765289000 -0.332686   2.39139  0.436472
516 17.765289000 17.789773999 -0.502634   2.46709    0.5574
517 17.789775000 17.811304999 -0.469825   2.62401  0.692118
518 17.811306000 17.830218000 -0.46965  2.70675 0.758384
519 17.830218000 17.848165000 -0.555759   2.54074  0.528555
520 17.848165000 17.866752000 -0.515793   2.27052  0.271048
521 17.866753000 17.887456999 -0.363191   1.81702  0.194286
522 17.887458000 17.908710999 -0.239756   1.71613  0.238023
523 17.908710999 17.929005999 -0.253967    1.8553  0.141814
524 17.929008999 17.950128999 -0.0755589    1.76695 -0.0930883
525 17.950128999 17.973581999 0.00512779     1.5087  -0.167101
526 17.973581999 17.999809999 -0.0904677    1.34121  -0.243423
527 17.999810999 18.032168000   -0.3084  0.882614 -0.296751
528 18.032169000 18.078660000  -0.28551   0.40195 -0.138762
529 18.078660999 18.147821999  -0.215665   0.154605 -0.0650387
530 18.147823999 18.239516000   0.099194 -0.0257209 -0.0130785
531 18.239521999 18.272760000  0.523472 -0.813602 0.0338295
532 18.272760000 18.295969999 0.663761 -1.51826 0.219391
533 18.295970999 18.314740999 0.685424 -2.13844 0.279573
534 18.314742000 18.331549999 0.529393 -2.53122 0.237624
535 18.331553000 18.347709000 0.380461 -2.72309 0.156226
536 18.347709000 18.363287999 0.177585 -2.90125 0.168429
537 18.363287999 18.379050000  0.0895499   -2.98566 -0.0169695
538 18.379050000 18.395543999   0.196953   -3.06354 -0.0545617
539 18.395543999 18.413051000  0.297646  -3.01819 0.0468699
540 18.413051999 18.433065000   0.226084   -2.74744 -0.0269926
541 18.433065999 18.455888000 -0.147148  -2.45273 -0.180721
542 18.455888000 18.478143000  -0.33067  -2.50215 -0.258694
543 18.478143000 18.501707999 -0.120264  -2.42645 -0.244759
544 18.501709000 18.530025000   0.28718  -1.79427 -0.302176
545 18.530025000 18.557771000  0.578877  -1.68578 -0.107941
546 18.557771999 18.582001000 0.423947 -2.05331 0.160995
547 18.582001000 18.604418999 0.174962 -2.09363 0.434657
548 18.604418999 18.631210000 0.126782 -1.43333 0.301074
549 18.631210999 18.680635000   0.20048 -0.486615 -0.165212
550 18.680638000 18.745444999 0.0668263  0.260203 -0.369411
551 18.745445999 18.799103000  0.0333615   0.591091 -0.0707098
552 18.799103999 18.852151000 0.211405 0.596966  0.15566
553 18.852151999 18.888603999 0.105648  1.30063 0.115112
554 18.888605000 18.923533999 -0.0309963    1.47376  -0.208999
555 18.923534999 18.952420999 0.0412771   2.16372 -0.251364
556 18.952420999 18.978502999  -0.02169   2.76372 0.0702298
557 18.978502999 19.002587000 -0.252109   2.92207  0.188598
558 19.002588000 19.024835999 -0.328435   2.73384  0.345111
559 19.024835999 19.045153000 -0.197488   2.60386  0.470995
560 19.045153000 19.065225000 -0.0620874    2.44637   0.365987
561 19.065225000 19.085032000 -0.0440851    2.35671   0.212529
562 19.085032000 19.105143000 -0.0287495    2.15451    0.10752
563 19.105143000 19.126776999 0.0107731    1.9019  0.110241
564 19.126776999 19.148539000  0.130142   1.89538 0.0676358
565 19.148539999 19.169694999   0.366889    1.84475 -0.0572001
566 19.169696000 19.191885000  0.466084   1.63436 -0.187154
567 19.191885999 19.217236000   0.24419   1.54204 -0.153871
568 19.217236000 19.249815000 0.0523048   1.14808  0.029435
569 19.249816000 19.298502999 -0.166017  0.638984  0.287455
570 19.298508000 19.383806999 -0.00065945   -0.215706    0.227651
571 19.383812000 19.433707000 -0.0605995  -0.603328  -0.322123
572 19.433711999 19.467674000 -0.101043  -1.02694 -0.357263
573 19.467674999 19.498949999 -0.190543  -1.01346 -0.327425
574 19.498951000 19.523974999 -0.325172  -1.34139 -0.347839
575 19.523975999 19.545094999  -0.12515  -1.88001 -0.398506
576 19.545094999 19.565596999 -0.0615955   -1.96189   -0.26432
577 19.565599999 19.586153999 -0.0586243   -1.92469   -0.22657
578 19.586153999 19.608195000 -0.0476893   -1.74349  -0.302377
579 19.608196000 19.633436000 0.0565736  -1.55636 -0.317802
580 19.633436000 19.658687999 -0.0712621    -1.6246  -0.330175
581 19.658689000 19.685883999 -0.399996  -1.17857 -0.333189
582 19.685885000 19.761535000  -0.105814  -0.182084 -0.0854023
583 19.761539000 19.835934000 -0.215379  -0.11245   0.23407
584 19.835935999 19.941118999  0.0449318  -0.161037 -0.0229636
585 19.941118999 19.992399999  0.484971 -0.119147 -0.062291
586 19.992399999 20.021932999   1.13718  0.214728 -0.119225
587 20.021932999 20.048865000    1.38677 -0.0804991  -0.251767
588 20.048865000 20.075742000    1.50192 -0.0575868  -0.230586
589 20.075746000 20.100136999    1.8038  0.323913 -0.280771
590 20.100136999 20.122857000   1.91603  0.541498 -0.202379
591 20.122857000 20.147958000   1.81509  0.376052 0.0634225
592 20.147958000 20.176447000  1.59867   0.3391 0.458126
593 20.176447000 20.209622999  1.35612 0.194515 0.427721
594 20.209624000 20.250124000    1.12131 -0.0781197   0.372273
595 20.250130000 20.304174999  0.886568 0.0276653 0.0714279
596 20.304177999 20.404007999  0.252335 -0.196515  0.263324
597 20.404020999 20.457034999  -1.06795 -0.206566  0.324504
598 20.457034999 20.483741000  -1.99285  0.141559 -0.115821
599 20.483741000 20.504917999   -2.44515   0.036438 -0.0954139
600 20.504918999 20.524023999  -2.63036  0.219324 -0.153806
601 20.524023999 20.541956000    -2.72661    0.556171 -0.00197249
602 20.541956000 20.558784999  -2.74842   0.75536 0.0135308
603 20.558788999 20.574492000   -2.8526  0.657232 -0.132057
604 20.574492000 20.589512000   -2.9548  0.504431 -0.268317
605 20.589512000 20.603928999  -2.96199  0.710023 -0.254122
606 20.603928999 20.618067999  -2.84936  0.938424 -0.143678
607 20.618067999 20.631749999 -2.76755 0.990187 0.027146
608 20.631750999 20.645242999   -2.72069   0.620701 -0.0825215
609 20.645242999 20.658790000  -2.62973 0.0853483 -0.293524
610 20.658790999 20.672465999   -2.49476 -0.0875039  -0.424922
611 20.672466999 20.686688999   -2.19059 -0.0971107  -0.444064
612 20.686688999 20.702935999  -1.74465  0.202722 -0.385342
613 20.702935999 20.721330000   -1.3653  0.471726 -0.226248
614 20.721330000 20.742912999   -1.0361   0.31207 -0.331812
615 20.742914000 20.769519999 -0.752568  0.166826 -0.357871
616 20.769519999 20.808762000  -0.376686   0.265053 -0.0293984
617 20.808763000 20.882741000 -0.00907307   0.0341503    0.152798
618 20.882741999 20.914589999   0.687073 -0.0533377   0.236918
619 20.914589999 20.939453999  0.952203 0.0140236  0.195265
620 20.939453999 20.959512999   1.32026 0.0330094  0.244886
621 20.959514000 20.977472999   1.60273 0.0601965    0.3301
622 20.977473999 20.994162999    1.89501 -0.0497438   0.187508
623 20.994162999 21.010007000   2.14074 -0.259912  0.157614
624 21.010008000 21.025691000    2.2168 -0.163652  0.206145
625 21.025691000 21.042616999   2.09195 0.0410604  0.238972
626 21.042617999 21.060868999   1.9028 0.313521 0.205793
627 21.060868999 21.079599000  1.96972 0.140072 0.154746
628 21.079600000 21.098169000   2.09682 0.0402449 0.0885355
629 21.098173000 21.117251000   2.07018 0.0964309  0.179585
630 21.117251000 21.137459000   1.9539 0.220867 0.156339
631 21.137459000 21.158171000   1.95191  0.396523 0.0106806
632 21.158171000 21.179816000   1.87452  0.436725 0.0287863
633 21.179816999 21.205022999  1.68281 0.220019 0.274761
634 21.205022999 21.232673000   1.5604 0.094294 0.633389
635 21.232674000 21.268272999   1.22402 0.0815355  0.440235
636 21.268272999 21.312119999  1.09129 0.185293 0.328616
637 21.312125000 21.434704999  0.0387357  0.0433419 -0.0582337
638 21.434706000 21.479224000  -1.20494 -0.229195 -0.280065
639 21.479225000 21.508221000  -1.63067  -0.30362 -0.272288
640 21.508222999 21.533882000  -1.70803 -0.189226 -0.306888
641 21.533882000 21.556569000  -2.00475 0.0213065 -0.368412
642 21.556569000 21.575633999  -2.36176  0.252906 -0.535609
643 21.575635000 21.593362999   -2.50425 0.00467827  -0.478666
644 21.593362999 21.610629999   -2.43459 -0.0859705  -0.337916
645 21.610630999 21.627740000   -2.33769 -0.0450192  -0.125126
646 21.627740000 21.644074999  -2.41721 -0.146205 0.0247421
647 21.644074999 21.659685000  -2.45239 -0.263591   0.11778
648 21.659685000 21.675027999  -2.35919 -0.137318 0.0653016
649 21.675029000 21.691426999   -2.05414 -0.0604595    0.15782
650 21.691426999 21.709673000   -1.66469 -0.0569899   0.160212
651 21.709677000 21.728879000   -1.52389 0.00160534 -0.0701611
652 21.728879000 21.748430999  -1.33753  0.086442 -0.146307
653 21.748431999 21.769826000   -1.11863   0.303157 -0.0310716
654 21.769827000 21.791720000   -1.08623   0.228994 -0.0507584
655 21.791720000 21.814687999  -0.985284  0.0577657 -0.0626291
656 21.814688999 21.840390000 -0.782841  0.221234   0.19609
657 21.840390000 21.865778999 -0.816564  0.270284  0.199982
658 21.865779999 21.899603999 -0.504585  0.258726  0.134443
659 21.899607000 21.954677999 0.260561 0.149273 0.230715
660 21.954679000 21.985536000 0.506995 0.358096 0.184471
661 21.985538000 22.010430999  0.74202 0.374136 0.227445
662 22.010430999 22.032263999 0.965987 0.423974 0.338455
663 22.032263999 22.052189000  1.11897 0.506182 0.375848
664 22.052189000 22.070242999  1.25625 0.685632 0.406099
665 22.070242999 22.087753000  1.33995 0.781561 0.462438
666 22.087753999 22.105447000  1.47604 0.614529  0.58055
667 22.105448000 22.123507999  1.48944 0.585498 0.679846
668 22.123507999 22.142985000  1.36802 0.532627 0.580224
669 22.142985000 22.164070999  1.30617   0.3526 0.426059
670 22.164070999 22.184979000  1.46496 0.314965 0.325693
671 22.184980000 22.206339999  1.53307 0.303895 0.230397
672 22.206342000 22.229118999   1.56047 0.0492085 0.0605039
673 22.229120000 22.252307000     1.6266  0.0158067 0.00574968
674 22.252307000 22.276975999   1.34733  0.378041 0.0776837
675 22.276981000 22.304434999    1.35852  -0.019394 -0.0235802
676 22.304436999 22.331509999   1.49969 0.0799049  0.137858
677 22.331511000 22.371675999  0.811123 0.0236576  0.210251
678 22.371677000 22.411787999  0.844538 -0.352974  0.232718
679 22.411787999 22.501613000   0.142482 -0.0771835 -0.0361073
680 22.501613999 22.577405999  -0.360557 -0.0777335   -0.19089
681 22.577410999 22.605613000  -1.50649 -0.212081 -0.652108
682 22.605613000 22.626271000  -2.09941 -0.419559 -0.791167
683 22.626271000 22.645145000  -2.06342 -0.505432 -0.716659
684 22.645145000 22.663559000  -1.97214 -0.498806 -0.551793
685 22.663559000 22.681641999  -1.92222 -0.467656 -0.551604
686 22.681642999 22.699493999  -1.90962 -0.427482 -0.487004
687 22.699495000 22.717564999  -1.80349 -0.392291 -0.317544
688 22.717564999 22.736006999  -1.64762  -0.35236 -0.196402
689 22.736009000 22.755149000  -1.54778 -0.258899  -0.27082
690 22.755149000 22.773957000  -1.59108 -0.158034 -0.261557
691 22.773957000 22.792007000  -1.63285 -0.182476  -0.25913
692 22.792008000 22.811771999   -1.39293 -0.0505654 -0.0985758
693 22.811771999 22.834259000  -1.06859 0.0641691 0.0183935
694 22.834259999 22.856295000  -1.11538 0.0172909   -0.1032
695 22.856296999 22.877183000   -1.16668 -0.0869613  -0.190264
696 22.877183000 22.908886000   -0.59139 -0.0696528   0.125504
697 22.908886999 22.979601000   0.111246  -0.133795 -0.0798456
698 22.979602999 23.016219999    0.53209 -0.0749719  -0.138334
699 23.016221000 23.041227999   0.996004  0.0992949 -0.0774336
700 23.041228999 23.063872999     1.15376 -0.00223973  -0.0229189
701 23.063874000 23.083854000   1.3924 -0.25397 0.038399
702 23.083854000 23.101768999   1.72353 -0.212516 0.0224718
703 23.101770000 23.119964000   1.74797 0.0910048 0.0765912
704 23.119964000 23.139629999  1.58446 0.308805 0.130898
705 23.139630999 23.159498999      1.65 -0.196058 0.0148476
706 23.159499999 23.177383999   1.94415 -0.601057 -0.118257
707 23.177383999 23.195376000    1.98048  -0.491502 -0.0308306
708 23.195376000 23.215745000    1.78059  0.0219263 -0.0283348
709 23.215746000 23.239507999    1.45449   0.267706 -0.0419972
710 23.239507999 23.266524999    1.28673 -0.0519406 -0.0810269
711 23.266526999 23.294839999    1.2432 -0.232317  0.089882
712 23.294839999 23.325345000   1.21469 0.0639442  0.219193
713 23.325346000 23.361438000  1.04475 0.039731 0.258998
714 23.361438999 23.410898999  0.592057 -0.250092  0.602316
715 23.410901999 23.543090000 0.0401468 -0.113082 0.0778852
716 23.543091999 23.621425000  -0.380631  -0.163373 -0.0364421
717 23.621426000 23.659967000 -0.989427 -0.122932 -0.325684
718 23.659968000 23.689420000  -1.24785 -0.317115  -0.18955
719 23.689421000 23.717287999      -1.371  -0.0398456 -0.00984443
720 23.717287999 23.741674000   -1.53071 -0.0433935  -0.104077
721 23.741674999 23.767716999   -1.25698 -0.0119486  -0.147832
722 23.767719999 23.794770999   -1.07618   0.274963 -0.0152672
723 23.794772000 23.821720999  -1.09462 0.0933034 -0.119126
724 23.821720999 23.865658999 -0.491381  0.024821 0.0764109
725 23.865660000 23.971943000  0.0199659 -0.0766777 -0.0743651
726 23.971946999 24.053250000  0.219656 0.0116802 -0.367317
727 24.053250000 24.104825000  0.307298  0.153126 -0.897773
728 24.104826000 24.147620999  0.409349 0.0812436  -1.29974
729 24.147622000 24.185909999 0.453439 0.184425 -1.79797
730 24.185910999 24.220861999 0.421038 0.348844 -2.20678
731 24.220865999 24.257327999 0.519926 0.144986 -2.40875
732 24.257327999 24.301790999  0.352944 0.0391935  -1.97479
733 24.301792999 24.350707999   0.307207 0.00600855   -1.80974
734 24.350709000 24.394377000 0.333847 0.271427 -1.92221
735 24.394378000 24.447643000  0.319825 -0.121443  -1.51197
736 24.447643999 24.498257999   0.20337 0.0164179  -1.76257
737 24.498258999 24.560157999  0.065319 0.0113502  -1.39886
738 24.560159000 24.708550999  0.0220574  0.0376237 -0.0426014
739 24.708551999 24.767525999  -0.278374 -0.0594937    1.66006
740 24.767525999 24.806168999 -0.403132 -0.177826   2.50258
741 24.806170000 24.842045999 -0.447897 -0.124886   2.78164
742 24.842049000 24.875610000  -0.41416 -0.258408   3.13872
743 24.875611000 24.908360000 -0.604587 -0.294784   3.18896
744 24.908360000 24.937680999 -0.486817 -0.384965   3.44791
745 24.937682000 24.966061999  -0.611786 -0.0317262    3.32198
746 24.966061999 24.995811000 -0.526808 -0.176918   2.64419
747 24.995811000 25.023266000  -0.28594 -0.449854   2.96976
748 25.023266000 25.050383999 -0.583282 -0.108049   3.11422
749 25.050385000 25.080558999 -0.392769 -0.122393   2.59075
750 25.080561999 25.111428999 -0.125874 -0.197999   2.53567
751 25.111428999 25.143009000   -0.32993 -0.0997798    2.45172
752 25.143009999 25.176788999 -0.0724178  -0.235259    2.37673
753 25.176790999 25.211418999  -0.15213 -0.103611   2.43178
754 25.211418999 25.252175999 -0.00846382   -0.218272     1.86394
755 25.252178999 25.315969999 -0.132545 -0.137473  0.897192
756 25.315977000 25.379434999 -0.183112  0.226205 -0.929551
757 25.379435999 25.414338999 0.0215933  0.476683  -1.92977
758 25.414340000 25.442683000 -0.185958   0.38461  -2.77418
759 25.442683999 25.466573000 -0.105132  0.451875  -3.51715
760 25.466574999 25.488114000 0.214326 0.764869 -3.78132
761 25.488114999 25.508946999 0.497728 0.895056 -3.67594
762 25.508948000 25.531381999 0.480054 0.635988 -3.29374
763 25.531381999 25.557658999 0.275174 0.364076 -2.62567
764 25.557659999 25.585407999 0.220982 0.360266 -2.38591
765 25.585407999 25.610582999 0.447242 0.476958 -2.74787
766 25.610587999 25.634660000 0.427349  0.57599   -2.916
767 25.634660000 25.657910999 0.190536 0.566121 -3.04483
768 25.657910999 25.680976999 0.0981609  0.558758  -3.18845
769 25.680978000 25.706822999 0.126018 0.421705 -2.75111
770 25.706824000 25.738398000 0.200156 0.242259  -2.2219
771 25.738398000 25.769429999 0.161287 0.106428 -2.38884
772 25.769432000 25.803951000   0.216309 -0.0745958   -2.08641
773 25.803951000 25.846676999 0.327533 0.267913 -1.66864
774 25.846676999 25.892222000 0.201883 0.270851 -1.53199
775 25.892226999 25.955336999  0.214305  0.310139 -0.575719
776 25.955336999 26.007412000     0.10262 -0.00277055     1.14192
777 26.007412999 26.038991999 -0.125358 -0.418272   2.66378
778 26.038991999 26.066115999 -0.340071 -0.570635   3.41611
779 26.066115999 26.089738000 -0.460726 -0.761535   3.89305
780 26.089739000 26.112191000 -0.527639 -0.755091   4.12821
781 26.112194000 26.133876999  -0.50239 -0.757886   4.04928
782 26.133876999 26.154512999 -0.495383 -0.818579   4.08294
783 26.154512999 26.173847999 -0.610004 -0.967096   4.39055
784 26.173847999 26.192142999 -0.789974  -1.08399   4.64819
785 26.192143999 26.210601999 -0.85323 -1.13742  4.56072
786 26.210601999 26.229469999 -0.711713   -1.0141   4.41169
787 26.229471000 26.249636999 -0.525278  -1.00497   4.16983
788 26.249636999 26.272759999 -0.299943  -0.80163   3.65196
789 26.272759999 26.306260000 -0.128425 -0.249142    2.3168
790 26.306260999 26.350674000  0.242759 -0.221951   1.59371
791 26.350674000 26.406148000 0.112658 0.115892  1.25246
792 26.406151999 26.468755999   0.278176   0.317849 -0.0704303
793 26.468757000 26.512592000 0.190285 0.381766 -1.43757
794 26.512592000 26.544271000 0.216731 0.496751 -2.44163
795 26.544271000 26.571246000 0.371329 0.583784 -3.01825
796 26.571246999 26.598395999 0.346553 0.401943 -3.03441
797 26.598395999 26.625536999 0.205222 0.320777 -2.94147
798 26.625537999 26.652410999 0.194968 0.374569 -2.86268
799 26.652411999 26.678836999 0.421274 0.453597 -2.85001
800 26.678836999 26.703527999 0.520664 0.555866 -2.92705
801 26.703527999 26.727352999 0.504306 0.643845 -3.13027
802 26.727352999 26.751927000 0.461477  0.65482 -3.07972
803 26.751927999 26.779020999 0.299089 0.490241 -2.84093
804 26.779023000 26.806538999 0.187555 0.477618 -2.85317
805 26.806541000 26.832571999  0.21888 0.681215 -3.08006
806 26.832573000 26.857559000 0.296269    0.852 -3.36323
807 26.857561000 26.884512999 0.493362 0.736833 -3.28049
808 26.884514000 26.915508999 0.708225   0.4903 -2.69558
809 26.915508999 26.957686000 0.531401  0.24178 -1.62425
810 26.957688000 27.006036999 0.574517 0.210649 -1.22884
811 27.006038000 27.053963999 0.486187 0.358715 -1.25364
812 27.053969999 27.134146999 0.0730257 -0.199762  0.490584
813 27.134149999 27.175822999 -0.278021 -0.434681   1.89904
814 27.175823999 27.218217999 -0.411407 -0.275368   1.84791
815 27.218219000 27.253444000 -0.375143 -0.221479   2.46859
816 27.253444000 27.285831000 -0.556581 -0.278508   2.79146
817 27.285833999 27.314443000 -0.484693 -0.683897   3.08346
818 27.314444999 27.339083999 -0.552708  -1.01097   3.48302
819 27.339083999 27.361935000 -0.636081  -1.13389   3.28891
820 27.361935999 27.383289000 -0.502871  -1.37068    3.0223
821 27.383290999 27.405093999 -0.323016  -1.27606   2.91908
822 27.405097000 27.429427000 -0.360054  -1.00071   2.53019
823 27.429427000 27.453526999 -0.360873  -1.19354   1.71074
824 27.453526999 27.476919999 -0.239601  -1.39209   1.35804
825 27.476919999 27.506089000 -0.165633 -0.942867   1.46486
826 27.506089000 27.539729999 -0.110717 -0.842227    1.3147
827 27.539729999 27.566639000 -0.276007  -1.26634   1.63024
828 27.566639999 27.596988999 -0.497506  -0.88409   1.61501
829 27.596988999 27.639045999 -0.208164  -0.72374  0.985117
830 27.639047000 27.686384999 -0.0821531  -0.689534   0.986366
831 27.686384999 27.740099999 0.312321 -0.43378  0.78684
832 27.740104000 27.795430999  0.376415  0.474666 -0.297228
833 27.795431999 27.828738999 0.417465  1.03665  -1.1364
834 27.828740000 27.853534000 0.592902  1.61567 -1.59969
835 27.853534999 27.874065000 0.628628  1.98006 -1.89836
836 27.874065000 27.893455999 0.539554  2.10191 -2.11946
837 27.893457000 27.911895999 0.383282  2.20914 -2.39574
838 27.911897000 27.930446999 0.400099  2.04136 -2.34956
839 27.930446999 27.949339000 0.463924  1.83317 -2.11413
840 27.949344000 27.969145000 0.556413  1.60846 -1.82816
841 27.969145000 27.989867999 0.556276   1.4965 -1.50619
842 27.989867999 28.010066999 0.587871  1.64496 -1.38856
843 28.010068000 28.029794000  0.79551  1.70985 -1.38875
844 28.029794000 28.051160999  1.06137  1.45583 -1.30289
845 28.051162000 28.076533000 0.920774  1.25957  -1.2264
846 28.076533000 28.110072999 0.569705 0.981051 -1.11857
847 28.110074000 28.158957999 0.358382 0.644485 -0.83593
848 28.158959000 28.232708000 0.0871019 0.0758453 -0.549865
849 28.232708999 28.262720000 -0.843352  -1.03378 -0.128468
850 28.262722999 28.282242000 -1.39084 -1.84094 0.185348
851 28.282242999 28.298686999 -1.56014 -2.28649  0.49307
852 28.298686999 28.313583999 -1.54246  -2.3947  0.75879
853 28.313585000 28.327957000 -1.49565 -2.25429 0.754446
854 28.327957000 28.341731000 -1.50061 -2.18927 0.573052
855 28.341731000 28.354803000 -1.50475 -2.23435 0.235883
856 28.354803999 28.367499999 -1.46935 -2.30582 0.128983
857 28.367501000 28.380371000 -1.34774 -2.18218 0.153794
858 28.380371999 28.394811000 -1.03277 -1.94199 0.541884
859 28.394812999 28.412091999 -0.507873  -1.61712  0.649659
860 28.412091999 28.430587000 -0.0611312   -1.72936   0.661362
861 28.430587999 28.448368000 0.224527 -2.12879 0.733933
862 28.448368999 28.465523000 0.325732 -2.34099  1.00251
863 28.465524000 28.483505999  0.53934 -2.36148   1.5025
864 28.483505999 28.501598999 0.937868 -2.44293  1.87989
865 28.501600000 28.520682999   1.0187 -2.23639   2.2235
866 28.520682999 28.542959999 0.770469 -1.82984  2.32028
867 28.542959999 28.566464000 0.853908 -1.70907  1.99324
868 28.566464999 28.590381999  1.29172 -1.26195  1.47126
869 28.590381999 28.614102000   1.54239 -0.824914  0.967677
870 28.614102000 28.638877999   1.53463 -0.272744  0.616497
871 28.638877999 28.662939999  1.59404 0.461191 0.098635
872 28.662941000 28.687501000   1.64425  0.825214 -0.316714
873 28.687501000 28.712118999   1.66533  0.963346 -0.561806
874 28.712119999 28.734898999   1.77642   1.46643 -0.653925
875 28.734898999 28.758186000   1.69742    1.5569 -0.607335
876 28.758186999 28.785147000   1.32966   1.28094 -0.538083
877 28.785147999 28.813900999   1.08552   1.31318 -0.413487
878 28.813901999 28.841250000   1.01236   1.54607 -0.488628
879 28.841252000 28.870408000  0.823554   1.59583 -0.642953
880 28.870409999 28.907873999  0.391856   1.48865 -0.758471
881 28.907875000 28.951272999 -0.160324   1.30189 -0.939215
882 28.951274000 28.988100000 -0.806144  0.858755  -1.08367
883 28.988100999 29.016128000 -1.43716 0.214325 -1.32958
884 29.016128000 29.037480000 -1.94881 0.162217 -1.64255
885 29.037480000 29.057417999 -1.92146 0.119393 -1.82793
886 29.057417999 29.079447999   -1.53356 -0.0611252   -1.77139
887 29.079449000 29.104703999  -1.13801 -0.273793  -1.46376
888 29.104703999 29.130915000 -0.978791 -0.476562  -1.03775
889 29.130915000 29.159620000 -0.469089 -0.790638 -0.692879
890 29.159620999 29.183705000   0.15712  -1.66573 -0.270812
891 29.183705000 29.204689000 0.444028 -2.27482 0.207959
892 29.204689000 29.225953999 0.412465 -2.28978 0.774232
893 29.225954999 29.248108000 0.345675  -2.3135  1.19377
894 29.248110000 29.270481000 0.373262 -2.48293   1.4967
895 29.270481000 29.292709000 0.268086 -2.75957  1.70243
896 29.292709000 29.315487000 -0.067708  -2.58423   1.80002
897 29.315488000 29.342424999 -0.335318   -1.7586   1.49513
898 29.342426000 29.379342999 0.0980621  -1.11916  0.914227
899 29.379342999 29.419443999 0.118022 -1.04238 0.715706
900 29.419445000 29.485644999  0.237243  0.361931 -0.127417
901 29.485646000 29.521916000  0.561462    1.3341 -0.388355
902 29.521916000 29.549466000  0.599141   2.25612 -0.669599
903 29.549468000 29.575627000   0.69715   2.36722 -0.556002
904 29.575628000 29.601125999  0.609188   2.22042 -0.450664
905 29.601126999 29.626944999  0.304336   2.07551 -0.263192
906 29.626946000 29.656064999  -0.12058   1.83893 -0.213386
907 29.656064999 29.682349000 -0.570359   1.82024 -0.484461
908 29.682349999 29.709031000 -0.694909   1.38431 -0.640513
909 29.709032999 29.738962999 -0.567914   1.08915 -0.533637
910 29.738962999 29.772055000 -0.0972716    1.09007  -0.911381
911 29.772055999 29.803347000 0.00789887    1.18796   -1.20826
912 29.803347999 29.834242999 -0.275638   1.09699  -1.66449
913 29.834242999 29.871144999 -0.170924  0.848542     -1.42
914 29.871144999 29.917197999 0.0499775  0.751704 -0.844535
915 29.917197999 29.967161000 -0.214775  0.709511 -0.600052
916 29.967162000 30.019997999 0.141245 0.553422  -0.1073
917 30.019998999 30.086217000  -0.11294 -0.296719  0.444513
918 30.086218000 30.113885000 -0.399562  -1.63885   1.45999
919 30.113885999 30.134337999 -0.626982  -2.26108   1.71742
920 30.134339000 30.152495000 -0.855777  -2.28974   1.59159
921 30.152495000 30.169161000 -1.01981 -2.17262  1.32734
922 30.169161000 30.184414000 -1.17105 -2.29009  1.12152
923 30.184414000 30.198556000 -1.21418 -2.43845  1.00372
924 30.198556000 30.212470000 -1.22032 -2.40409  1.05488
925 30.212471999 30.227014999 -1.19799 -2.25376  1.03731
926 30.227014999 30.242000000 -1.23061 -2.05571 0.833054
927 30.242000000 30.257546000 -1.31056 -1.85682 0.549417
928 30.257547000 30.273670999 -1.24596 -1.62685 0.390171
929 30.273672000 30.291768000 -1.09713 -1.12675 0.114337
930 30.291769000 30.315432999 -0.765754 -0.608182 -0.258454
931 30.315432999 30.343574000 -0.569964 -0.493267 -0.534348
932 30.343577000 30.371863000  -0.65849 -0.388703 -0.612619
933 30.371866000 30.418426999 -0.184897 -0.195269 -0.603612
934 30.418432000 30.459042000  0.451337 -0.390183 -0.334549
935 30.459042999 30.493397000  0.566332 -0.611693 0.0518948
936 30.493397000 30.517673999   1.06905 -0.976738  0.250863
937 30.517673999 30.539185999  1.49327 -1.04399 0.329805
938 30.539185999 30.558508999  1.99224 -1.24515 0.473263
939 30.558509999 30.577980000  2.29603 -1.09405  1.01463
940 30.577980999 30.599110000   2.15647 -0.594383   1.38013
941 30.599110000 30.622364000   1.98282 -0.229175   1.07023
942 30.622365000 30.646818000   1.91448 0.0434397  0.283899
943 30.646818000 30.672150000    1.75651   0.509846 -0.0293356
944 30.672150999 30.698252000   1.60287  0.829923 -0.303316
945 30.698252000 30.728881999   1.25856  0.755297 -0.205074
946 30.728886000 30.768129999  0.854561  0.732261 -0.258834
947 30.768129999 30.809570999  0.651559   1.02996 -0.528535
948 30.809572000 30.862349999  0.155153   0.95233 -0.581988
949 30.862352999 30.912680000 -0.225354  0.961765 -0.755905
950 30.912682999 30.948933999 -0.668186   0.99716  -1.22905
951 30.948934999 30.973607999 -1.32133  1.18519 -1.50119
952 30.973609000 30.995063999 -1.56077  1.37493 -1.69525
953 30.995065000 31.018036000 -1.26978   1.1849 -1.56914
954 31.018036000 31.041999000 -1.16367  1.19504  -1.2419
955 31.042000000 31.064477999 -1.35493  1.23414 -1.11776
956 31.064480000 31.089113000 -1.13566 0.986249 -1.00384
957 31.089114000 31.117127999 -0.850205  0.837461 -0.889727
958 31.117128999 31.145734000 -0.992682  0.335304  -0.64502
959 31.145735000 31.171876000   -1.19913 -0.0142636  -0.122685
960 31.171877000 31.193415000  -1.45986 -0.734708  0.153153
961 31.193415000 31.211331999 -1.64159 -1.09892 0.150595
962 31.211331999 31.228179000 -1.63876 -1.29371  0.40508
963 31.228180000 31.244568999 -1.53172 -1.33552 0.604133
964 31.244570000 31.260645000 -1.40574 -1.43955 0.541787
965 31.260645000 31.275797000 -1.45894 -1.40234 0.264336
966 31.275797000 31.290125000  -1.47823  -1.39216 -0.146766
967 31.290125000 31.304362000    -1.38106    -1.47455 -0.00828993
968 31.304362000 31.319633000 -1.11926 -1.49802 0.253467
969 31.319633000 31.336539999 -0.762321  -1.39264  0.674974
970 31.336539999 31.358015000 -0.406171  -1.07461  0.731081
971 31.358015000 31.383929999 -0.248018 -0.824524  0.507182
972 31.383931000 31.413068000 -0.104184 -0.737109  0.247949
973 31.413068999 31.452240000  0.307753 -0.454355  0.150249
974 31.452245000 31.481897000  0.796514 -0.272572 -0.343171
975 31.481897000 31.504721999   1.25027 -0.355012 -0.267824
976 31.504722999 31.524823000   1.55358 -0.326761 -0.203856
977 31.524824000 31.544316999   1.68756 -0.214801  -0.19095
978 31.544318000 31.564179000   1.64153 -0.283252 -0.123305
979 31.564179999 31.585981999   1.31237 -0.610782  0.219478
980 31.585981999 31.611940000 0.638925 -1.05946 0.595581
981 31.611941000 31.637874999 0.144022 -1.30045 0.790752
982 31.637875999 31.661495000 0.231454 -1.62332 0.772316
983 31.661495999 31.685479999 0.229915  -1.7159 0.906631
984 31.685481000 31.708778000 0.0620912  -1.89082   1.12767
985 31.708778999 31.729734999 -0.144985  -2.07695   1.36999
986 31.729736000 31.751667000 -0.437101  -1.81591    1.2667
987 31.751668000 31.783940999 -0.324285  -1.12292  0.386469
988 31.783943999 31.845913999 0.0683125 -0.572466  -0.15239
989 31.845919000 31.898923999   0.276903   0.691882 -0.0171839
990 31.898923999 31.927553999  0.636891    1.1708 0.0892266
991 31.927554999 31.950582000   0.676493    1.64601 -0.0347944
992 31.950583999 31.971775999 0.535711  1.91406 0.012939
993 31.971777000 31.992867000  0.243079   2.03102 -0.181059
994 31.992867000 32.013713999  0.119867   2.08189 -0.255168
995 32.013715000 32.034009000  0.191515   2.15558 -0.223555
996 32.034010000 32.052472000   0.419185     2.2802 -0.0404953
997 32.052472000 32.069203999 0.580479   2.3681 -0.02541
998 32.069203999 32.085394999  0.653564   2.26963 0.0692706
999 32.085396000 32.101783000    0.5416   2.14515 0.0560063
1000 32.101784000 32.119863000    0.40011    1.82522 -0.0625627
1001 32.119863000 32.138440999  0.394369    1.7212 -0.115077
1002 32.138442000 32.156964000  0.473044   1.59094 -0.301661
1003 32.156964999 32.175598999  0.538449   1.52858 -0.415396
1004 32.175600000 32.194558999  0.571642   1.48408 -0.524935
1005 32.194558999 32.214691000  0.663122   1.33117 -0.529438
1006 32.214691000 32.236988000  0.672482   1.16314 -0.487772
1007 32.236988999 32.260648000   0.60768   1.20467 -0.547525
1008 32.260648999 32.286087000  0.625264   1.14703 -0.525463
1009 32.286089000 32.316751999  0.614723  0.951839 -0.474732
1010 32.316752999 32.353656999  0.660663  0.811239 -0.332736
1011 32.353658000 32.393491000  0.913963  0.597265 -0.193395
1012 32.393492000 32.449533000  0.766453  0.156089 -0.149222
1013 32.449533999 32.502362000  0.593152 -0.821661  0.126372
1014 32.502363000 32.562600000 0.000716158   -0.882142    0.335466
1015 32.562600999 32.592846999 -0.943928  -1.75323 0.0820436
1016 32.592848000 32.615538999  -1.47247  -2.11816 0.0118742
1017 32.615540000 32.636763000   -1.58433   -1.76374 -0.0632095
1018 32.636763000 32.662032000  -1.13591  -1.15692 -0.138304
1019 32.662032000 32.695770000 -0.627454 -0.878143 0.0422762
1020 32.695773000 32.730488999 -0.991656 -0.193845  0.353063
1021 32.730488999 32.757521000 -1.43277 0.352283 0.372389
1022 32.757522000 32.779853000  -1.82087 0.0241823  0.191455
1023 32.779853999 32.800493000   -1.88135 -0.0393999  0.0830947
1024 32.800493999 32.824057999 -1.37098  0.17302 0.189772
1025 32.824058999 32.848370000  -1.12857  0.622981 0.0107051
1026 32.848370000 32.871859999  -1.30304  0.325915 -0.536146
1027 32.871861000 32.892954999   -1.56885 -0.0130311  -0.660706
1028 32.892955999 32.913811000   -1.48705 -0.0476812  -0.489655
1029 32.913811999 32.938362000  -1.08609 0.0206771 -0.405359
1030 32.938362000 32.984022000 -0.375252 0.0670842 -0.189278
1031 32.984024000 33.038673000  -0.338468 0.00826277   0.123475
1032 33.038673999 33.093847000  0.318568 -0.109903  0.272779
1033 33.093847000 33.127676999 0.528627 0.414766 0.305823
1034 33.127678000 33.150327000  0.815618  0.973606 0.0344995
1035 33.150327000 33.169456000   1.01653   1.34748 0.0749192
1036 33.169456000 33.187291000  1.14901  1.54222 0.247577
1037 33.187291000 33.205660999   1.1085  1.59935 0.330032
1038 33.205660999 33.224766000   1.0048  1.58967 0.440016
1039 33.224766999 33.244900999 0.767931  1.63221 0.542888
1040 33.244902000 33.265953999 0.675637  1.65786 0.430611
1041 33.265953999 33.287876000 0.601735  1.63525 0.276223
1042 33.287877999 33.311517000 0.650837   1.4395 0.186969
1043 33.311517999 33.337217000 0.743034  1.17822 0.303989
1044 33.337217000 33.366232000 0.703307 0.932645 0.416251
1045 33.366235999 33.406887000 0.317843 0.686914 0.431051
1046 33.406888000 33.498727000   -0.19423 -0.0741699   0.378793
1047 33.498727999 33.544198999 -0.0673108  -0.925394   0.270197
1048 33.544198999 33.572779000 0.00358449   -1.84386   0.205418
1049 33.572779000 33.601575999 -0.222708  -1.53415  0.483427
1050 33.601576999 33.625177999 -0.324673  -1.98602  0.459624
1051 33.625177999 33.645256000 -0.21082 -2.49106 0.403271
1052 33.645256000 33.664174000 -0.325834  -2.30523  0.389158
1053 33.664174000 33.684152000 -0.539848   -1.7378  0.363431
1054 33.684153000 33.705792999 -0.596568  -1.29738   0.17085
1055 33.705792999 33.729632999   -0.321517    -1.40074 -0.00671748
1056 33.729632999 33.755672000 -0.0415308   -1.49277 -0.0894694
1057 33.755673000 33.787829000 -0.0841965    -1.0515   0.137387
1058 33.787829999 33.826111000 -0.131704  -0.81999 -0.186357
1059 33.826112000 33.857460000  -0.36957 -0.996633 -0.441737
1060 33.857460999 33.883920000 -0.634203  -1.20853 -0.242086
1061 33.883921999 33.909524000  -0.77586   -1.1233 0.0978575
1062 33.909525000 33.937442000    -0.627451      -1.1042 -0.000805697
1063 33.937442000 33.973930999 -0.248949 -0.989465 -0.214309
1064 33.973933000 34.019674999 0.0550762 -0.886999 0.0298707
1065 34.019674999 34.076973000  0.358244 -0.107158  0.101538
1066 34.076973999 34.109307999  0.656574   1.21523 -0.400564
1067 34.109309999 34.135806999   0.73462   1.63283 -0.531112
1068 34.135809999 34.159797000  0.796327   1.89428 -0.592791
1069 34.159798000 34.181535999  0.763202    2.0878 -0.661937
1070 34.181536999 34.201275999  0.631523   2.29025 -0.637198
1071 34.201277000 34.220252000  0.643379   2.22539 -0.685784
1072 34.220252999 34.239867999  0.646264   2.09302 -0.662531
1073 34.239868999 34.260474999  0.573731   1.87779 -0.700829
1074 34.260474999 34.282642999  0.377138   1.78426 -0.666774
1075 34.282642999 34.306780000  0.228641   1.74086 -0.605757
1076 34.306781999 34.331791000  0.291749   1.72489 -0.594328
1077 34.331791000 34.357486999  0.304382   1.76746 -0.608711
1078 34.357488000 34.385648000  0.224867   1.65985 -0.505419
1079 34.385649999 34.420419000  0.176221   1.24816 -0.371492
1080 34.420419999 34.472697999 -0.276748  0.623403 -0.383749
1081 34.472697999 34.516679999  -0.62173 -0.181402 -0.532319
1082 34.516679999 34.545821999 -0.684934 -0.813013 -0.450652
1083 34.545822999 34.566586999 -0.894811  -1.50433  -0.55311
1084 34.566586999 34.584540000  -1.04077  -1.74992 -0.701624
1085 34.584540000 34.600494000  -1.09179  -1.96086 -0.732016
1086 34.600494000 34.615073999  -1.10282  -2.25391 -0.671752
1087 34.615073999 34.629279000  -1.05676  -2.34683 -0.546828
1088 34.629279000 34.643658000 -1.07746   -2.206 -0.20563
1089 34.643658999 34.659038000  -1.00436  -1.92835 0.0386204
1090 34.659038000 34.676019999 -0.763432  -1.70757  0.257445
1091 34.676020999 34.695610999 -0.447329  -1.50015  0.453232
1092 34.695610999 34.716861000 -0.230777  -1.45657  0.613354
1093 34.716861000 34.736651999 -0.389014  -1.64412  0.620921
1094 34.736651999 34.755146999 -0.614151  -1.82597   0.67687
1095 34.755147999 34.773679999 -0.68246 -1.70405  0.59555
1096 34.773687000 34.794718000 -0.539796  -1.39573  0.494194
1097 34.794718999 34.824004000 -0.151007  -1.02937  0.280519
1098 34.824004999 34.857550000 0.507207 -1.12664 0.365713
1099 34.857550000 34.886101999   1.05775 -0.848784  0.339876
1100 34.886102999 34.910577999    1.4903 -0.736012  0.335615
1101 34.910578999 34.932889999  1.93436 -0.63171 0.439284
1102 34.932892000 34.955963000   2.09902 -0.151115  0.429432
1103 34.955964000 34.980065999  2.08085 0.257699 0.271581
1104 34.980066999 35.004181999   2.1859 0.238275 0.188745
1105 35.004181999 35.027832000     2.15384     0.51165 -0.00334709
1106 35.027832999 35.052334000   1.82571  0.744201 -0.192374
1107 35.052334000 35.078943999    1.5033  0.867663 -0.244632
1108 35.078943999 35.105955999   1.42625  0.788533 -0.173454
1109 35.105955999 35.138021000    1.08149   0.560102 -0.0376978
1110 35.138021999 35.207503000  0.108631  0.343843 -0.116373
1111 35.207503999 35.249476999 -0.793172  0.649244 -0.547426
1112 35.249476999 35.279336999  -1.22922  0.798047 -0.749311
1113 35.279336999 35.304687999  -1.64893  0.749044 -0.805859
1114 35.304687999 35.327116000  -1.94667  0.535725 -0.866476
1115 35.327116000 35.348227999  -2.08863  0.687183 -0.735241
1116 35.348229000 35.367861000  -2.14384  0.689138 -0.763605
1117 35.367862000 35.386828999  -2.17262  0.484314 -0.794536
1118 35.386830000 35.405923999 -1.98596 0.242916  -0.7518
1119 35.405925999 35.426444000  -1.67301  0.110273 -0.702753
1120 35.426444999 35.448171999      -1.4888 -0.000278201    -0.637376
1121 35.448173000 35.469604000  -1.47245 -0.218621 -0.608576
1122 35.469604000 35.490372999  -1.51032 -0.209528 -0.344437
1123 35.490374000 35.511152999      -1.534  -0.0809762 -0.00401582
1124 35.511155000 35.531283000 -1.50086 -0.13487 0.201632
1125 35.531283000 35.552460999    -1.3789  -0.220223 -0.0242231
1126 35.552461999 35.575357999   -1.19007 -0.0772799  -0.228446
1127 35.575357999 35.601649999 -0.921522  0.132228 -0.163431
1128 35.601651000 35.635297999 -0.553707  0.450043  -0.17725
1129 35.635299000 35.691509000 0.0986185  0.327909 -0.253256
1130 35.691509999 35.722171999  0.545396  0.604704 -0.117141
1131 35.722171999 35.744841999  0.935817  0.929942 -0.160641
1132 35.744841999 35.765605999   1.16559  0.925817 -0.112567
1133 35.765605999 35.786518999   1.23383  0.819859 0.0306878
1134 35.786518999 35.809266999  1.23951 0.484364 0.191965
1135 35.809266999 35.834856000    1.13884 -0.0232912   0.407822
1136 35.834856000 35.864088000  0.849584 -0.423374  0.584423
1137 35.864088999 35.887816999 0.879769 -1.40941 0.645889
1138 35.887818000 35.910734000 0.829695 -1.43702  0.87172
1139 35.910734000 35.937015000  0.39127 -1.25602   1.0421
1140 35.937015999 35.958499000 0.203134 -1.97786 0.790426
1141 35.958499000 35.976963000 0.537858 -2.80847 0.684351
1142 35.976963000 35.995578999 0.571722 -2.99334 0.866193
1143 35.995580000 36.017214000 0.213467 -2.51941   0.9797
1144 36.017214000 36.042019000 -0.394564  -1.73103   0.75061
1145 36.042019999 36.067641000 -0.522825  -1.70505  0.428386
1146 36.067641000 36.095823000 -0.0839817   -2.04569   0.339777
1147 36.095823000 36.133695000 0.347158 -1.23137 0.611071
1148 36.133695999 36.191490000  0.437691 -0.388967 0.0650017
1149 36.191490999 36.252613999    0.35342   0.349049 -0.0240161
1150 36.252613999 36.287198999  0.814902   1.04317 -0.386839
1151 36.287198999 36.317184000  0.830083   1.49715 -0.544886
1152 36.317184000 36.342190000   1.06198   1.94581 -0.606248
1153 36.342190000 36.364961999   1.18742   1.83908 -0.704605
1154 36.364963000 36.386754999   1.00724   1.85347 -0.795637
1155 36.386755999 36.408897999  0.723148   1.96197 -0.595571
1156 36.408898999 36.432594999  0.492376   1.94946 -0.458026
1157 36.432594999 36.456732999  0.383033   1.98085 -0.441171
1158 36.456734000 36.480622000  0.308185   2.04326 -0.312029
1159 36.480622999 36.505647000  0.139861   2.08899 -0.506175
1160 36.505648999 36.535367999 0.0254303   1.69576 -0.582853
1161 36.535369000 36.567660000  0.115639   1.49311 -0.534398
1162 36.567660000 36.601967999  0.252963   1.20135 -0.380445
1163 36.601969999 36.639161999  0.207276   1.12809 -0.275842
1164 36.639163000 36.711609000 -0.0966202   0.252946  0.0221816
1165 36.711615999 36.761318000 -0.152224 -0.800836  0.271535
1166 36.761318000 36.798234999 -0.136104  -1.10106 0.0581502
1167 36.798234999 36.824077999 -0.236866  -1.71932 -0.217073
1168 36.824082000 36.845977000  -0.425148   -2.09541 -0.0943831
1169 36.845977000 36.866784000 -0.714122  -1.87354 0.0534745
1170 36.866784000 36.888657000 -0.894093   -1.3684  0.264377
1171 36.888657999 36.913450000 -0.596765   -1.1328  0.288543
1172 36.913450000 36.942618000 -0.0651963   -1.22953    0.15958
1173 36.942618999 36.973027999 -0.00476871    -1.22949   0.0667884
1174 36.973029999 37.006446000 -0.274545 -0.878821  0.280544
1175 37.006449000 37.037803999 -0.332995  -0.96952  0.240717
1176 37.037804999 37.062167000 -0.627718  -1.31494  0.106268
1177 37.062169000 37.084115000 -0.989331  -1.27729  0.134011
1178 37.084115000 37.106137000  -1.16661  -1.06195 0.0595555
1179 37.106138999 37.128897999   -1.1687 -0.988775 -0.170429
1180 37.128897999 37.150966000  -1.24943  -1.09027 -0.509918
1181 37.150966999 37.171637000  -1.46589  -1.00006 -0.617232
1182 37.171637000 37.192803000  -1.47591 -0.658578 -0.579146
1183 37.192807000 37.221068000  -1.06965   0.17421 -0.624269
1184 37.221068000 37.261481999 -0.627115  0.245933   -1.2067
1185 37.261481999 37.299362999 0.302302 0.447065 -1.02528
1186 37.299362999 37.321513000   1.22895  0.827686 -0.999967
1187 37.321513000 37.339330999  1.86251  1.06786 -1.21012
1188 37.339331999 37.354989999  2.43995  1.24153 -1.10158
1189 37.354990999 37.370052999   2.76404    1.4103 -0.773828
1190 37.370052999 37.385761999   2.77817   1.50529 -0.461483
1191 37.385761999 37.402551000   2.60192    1.4517 -0.276007
1192 37.402551000 37.420444000   2.35469   1.49824 -0.250395
1193 37.420444000 37.439514999   2.02834   1.50798 -0.553774
1194 37.439514999 37.461944999   1.41706   1.30068 -0.732717
1195 37.461944999 37.495611000 0.382151  1.00511   -1.078
1196 37.495612999 37.537797000 -0.177106  0.712106  -1.95002
1197 37.537797000 37.570652999 -0.436198  0.651626   -3.0261
1198 37.570652999 37.599034999 -0.266351  0.365014  -3.62831
1199 37.599035999 37.630583999 -0.204178 0.0872058  -2.68307
1200 37.630585000 37.676278999 0.000346433   -0.200706    -1.38478
1201 37.676284999 37.757660999   0.116187  -0.206114 -0.0613396
1202 37.757663999 37.784704000 -0.475407 -0.990489   2.20928
1203 37.784705000 37.806843999 -0.586216  -1.26677   3.50651
1204 37.806845000 37.828396000 -0.642411  -1.26399    4.1671
1205 37.828397000 37.850791999 -0.61951 -1.14963  4.44445
1206 37.850791999 37.873077999 -0.567902  -1.17839   4.70573
1207 37.873079000 37.893548999 -0.638606  -1.15302   4.93349
1208 37.893550000 37.913113999 -0.694693 -0.977076   5.17837
1209 37.913115000 37.932489000 -0.731899 -0.874569   4.92391
1210 37.932489000 37.953543000 -0.663317 -0.663193   4.37578
1211 37.953543999 37.976370999 -0.602274 -0.458947   3.78617
1212 37.976370999 38.000370999 -0.693385 -0.225058   3.29097
1213 38.000370999 38.025286999 -0.798339  -0.20353   3.01444
1214 38.025286999 38.055384999 -0.493199 -0.229966   2.57662
1215 38.055384999 38.116753999 -0.152715 0.0111055  0.928612
1216 38.116755000 38.158470999 0.356363 0.438321   -1.735
1217 38.158470999 38.179554000 0.853743 0.919766 -4.19773
1218 38.179554000 38.196457000  1.09581   1.1633 -5.58573
1219 38.196457999 38.211282000 1.09015 1.41306 -6.4976
1220 38.211283000 38.225315000 0.989883   1.6466 -7.08617
1221 38.225315999 38.239104000  0.91721  1.60057 -7.37128
1222 38.239107000 38.253469999 0.832601  1.26631 -7.16358
1223 38.253469999 38.269390999 0.759032 0.971793 -6.69619
1224 38.269390999 38.287052999 0.725152 0.769267 -6.04091
1225 38.287054000 38.307084000 0.729398  0.71396 -5.24052
1226 38.307084999 38.330849999  0.66422 0.678918 -4.15402
1227 38.330851000 38.357570999 0.630123 0.677801 -3.18598
1228 38.357572000 38.391134999 0.588118 0.416397 -2.10946
1229 38.391136000 38.444475000 0.321529 0.090543 -1.15684
1230 38.444476000 38.474625999  0.994488  0.742846 -0.105305
1231 38.474626999 38.500505999   1.3112 0.700282  1.02525
1232 38.500509999 38.526842999 1.13941 0.66276 2.04848
1233 38.526845000 38.551825999 0.802666   0.8965  2.66165
1234 38.551825999 38.577429000 0.604335 0.677877   2.9312
1235 38.577431000 38.602000000  0.41005 0.918705  3.25781
1236 38.602000000 38.626859999 0.116486  1.17906  3.09382
1237 38.626860999 38.658050000 -0.437303  0.441451   3.06826
1238 38.658050999 38.684113999  -1.61158 -0.609611   3.48795
1239 38.684113999 38.702598000  -2.7427 -1.33615  3.83182
1240 38.702598999 38.717536000 -3.37285 -1.87931  3.83188
1241 38.717536000 38.730291999 -3.64827 -2.14904  3.57252
1242 38.730291999 38.742443000 -3.65215 -2.22596  3.24711
1243 38.742443000 38.754493999 -3.42412  -1.9624  2.95798
1244 38.754493999 38.767504999 -3.07468 -1.40298  2.42093
1245 38.767504999 38.782039000  -2.66689 -0.851621   1.62238
1246 38.782039000 38.797929999  -2.28984 -0.550709  0.826756
1247 38.797930999 38.814292000  -2.08513 -0.612106  0.183864
1248 38.814292000 38.831585999   -1.83973  -0.702873 -0.0123003
1249 38.831585999 38.852442000  -1.50067  -0.16689 -0.194033
1250 38.852442999 38.879643999  -1.01696  0.428506 -0.506515
1251 38.879645000 38.913737000 -0.770651  0.187012  -1.26201
1252 38.913738000 38.949539999 -0.631914   0.44167  -1.32936
1253 38.949544000 38.983192000 -0.679914  0.474989  -1.43927
1254 38.983195999 39.019429999 0.0815099  0.245825  -1.56782
1255 39.019431000 39.040626999  1.35603 0.455763 -1.50865
1256 39.040626999 39.056533000  2.16832 0.472433 -1.51916
1257 39.056533999 39.070449999  2.79221 0.354454 -1.56663
1258 39.070449999 39.083597000  3.22282 0.246118 -1.46653
1259 39.083598000 39.096327999  3.51947 0.246125 -1.23469
1260 39.096327999 39.109464000   3.51864  0.565345 -0.781196
1261 39.109464000 39.123845999   3.12018    1.0806 -0.277039
1262 39.123845999 39.139743999  2.76285  1.05877 0.396066
1263 39.139745000 39.158272999  2.55064 0.522319  1.00825
1264 39.158273999 39.179281000   2.20432 0.0714271   2.07242
1265 39.179281000 39.204685000   1.01749 -0.443111   3.79385
1266 39.204686000 39.226615000 -0.444227  -0.77205   5.09519
1267 39.226615000 39.244281999  -1.15031 -0.932857   5.41125
1268 39.244281999 39.260885000 -1.36906 -1.05165  5.46473
1269 39.260885000 39.277799000 -1.54903 -1.34243  5.19158
1270 39.277799999 39.294752999 -1.77939 -1.45263  5.09054
1271 39.294754000 39.312611000 -2.02648 -1.11636  4.37887
1272 39.312611999 39.332104999  -2.02091 -0.519463   3.08641
1273 39.332106000 39.357069999 -1.54029 0.225242 0.773198
1274 39.357069999 39.384880999 -0.981416    1.4206  -1.49762
1275 39.384880999 39.409091999 -0.838885   1.97853  -3.32405
1276 39.409091999 39.430432999 -0.508628   1.87799  -4.37271
1277 39.430433999 39.450230000 -0.121215   1.81857  -4.59912
1278 39.450231000 39.468693999 -0.112122   1.87847  -4.72853
1279 39.468695000 39.485592999 -0.427299   1.83034  -5.10619
1280 39.485592999 39.502298000 -0.680281   1.58718  -5.43832
1281 39.502298999 39.519051000 -0.770111   1.43097  -5.36513
1282 39.519051000 39.535616000 -0.651351   1.51029   -5.1081
1283 39.535617000 39.552486999 -0.427429   1.70583  -4.54955
1284 39.552488000 39.570098000 -0.230986   1.80825  -3.94269
1285 39.570098999 39.589390999 -0.172562   1.68008  -3.30659
1286 39.589392000 39.610570999 -0.27363  1.52086 -2.76817
1287 39.610573000 39.634058000 -0.190603   1.34087  -2.37288
1288 39.634059999 39.658055000 0.395951  1.31454 -1.79107
1289 39.658056000 39.678414999   1.06513   1.45532 -0.896797
1290 39.678414999 39.697406999   1.38338   1.51629 -0.175635
1291 39.697406999 39.716838999  1.38561  1.33482 0.431544
1292 39.716838999 39.736986000   1.2108  1.27885 0.867389
1293 39.736986999 39.757530000 1.25436 1.21818 1.40361
1294 39.757530000 39.778921999  1.40351 0.921802   2.1321
1295 39.778921999 39.801517000  1.43997 0.657096  2.74271
1296 39.801517999 39.825546000  1.46341 0.431375  2.96877
1297 39.825549999 39.850754999   1.52937 -0.386382   2.83333
1298 39.850754999 39.877039000   1.38046 -0.894506   2.79778
1299 39.877039999 39.908376000 0.407125 -1.07979   3.4605
1300 39.908377000 39.936043000  -1.11623 -0.937278   3.93177
1301 39.936043000 39.955865000  -2.22887 -0.905489   4.20486
1302 39.955865999 39.973001999  -2.58677 -0.916618   4.37432
1303 39.973004999 39.989063999  -2.66439 -0.796641   4.25957
1304 39.989065000 40.004102000  -2.76204 -0.851078   3.95994
1305 40.004102999 40.018675999  -2.95993 -0.801188   3.52683
1306 40.018675999 40.032287999  -3.18337 -0.506942    2.9693
1307 40.032287999 40.046041000  -3.20482 -0.238884   2.09324
1308 40.046041000 40.060200999  -3.03589 0.0292983   1.08331
1309 40.060200999 40.075372999 -2.72656 0.197406 0.186152
1310 40.075372999 40.091675999  -2.35304   0.46347 -0.933071
1311 40.091677000 40.109554000 -1.96655 0.490458 -1.88839
1312 40.109554999 40.131593000  -1.3239 0.586539 -2.54565
1313 40.131593999 40.155976000 -0.636447   1.14911  -2.90526
1314 40.155976999 40.179140999 -0.212686   1.24145  -3.28313
1315 40.179141999 40.201545000 -0.176659  0.820535  -3.76884
1316 40.201545000 40.223327000 -0.227387  0.741565  -3.77498
1317 40.223328000 40.246354000 -0.0154768    1.06164   -3.21032
1318 40.246354999 40.268030000 0.654639  1.46371  -2.5128
1319 40.268030999 40.285425000  1.51078  1.55473 -1.90946
1320 40.285425000 40.300850000  1.96886  1.59725 -1.35405
1321 40.300850000 40.315392000   2.16951   1.67496 -0.898257
1322 40.315392000 40.329148000   2.21147   1.86457 -0.564149
1323 40.329148000 40.342597000   2.20017   2.12648 -0.507296
1324 40.342598000 40.356318999   2.19115   2.19314 -0.361141
1325 40.356320000 40.370802000  2.17125  2.03207 0.109153
1326 40.370802000 40.386892999  2.09463  1.68403 0.672913
1327 40.386893999 40.406452000 1.77276  1.1305 1.24632
1328 40.406452000 40.435037999  0.960361 0.0166304   2.19524
1329 40.435037999 40.467356999 0.113143 -1.09274  3.14958
1330 40.467358000 40.492561000 0.12976 -1.8287 3.62062
1331 40.492561000 40.515801999 0.118064  -1.8518  3.91326
1332 40.515801999 40.537759999 -0.355614  -1.72463   4.10699
1333 40.537761000 40.557507999 -1.06226 -1.36864  4.58059
1334 40.557509000 40.574971000 -1.62794 -1.13149  5.13289
1335 40.574971000 40.591182000 -2.01978 -1.34832  5.18952
1336 40.591182000 40.606833999 -2.27165  -1.4545  4.54181
1337 40.606833999 40.623732000  -2.1992 -1.36564   3.5054
1338 40.623732999 40.644955000  -1.66038 -0.831741   1.97577
1339 40.644955000 40.688537999   -0.3376  0.340018 -0.906563
1340 40.688537999 40.729814000 -0.322189 0.0857334    -2.396
1341 40.729815000 40.762483999 -0.932875  0.124385  -2.36082
1342 40.762484999 40.794738000 -0.163001   0.68202  -2.94387
1343 40.794740000 40.822588999 0.291885 0.828723 -3.21867
1344 40.822591000 40.846251999 0.258298  1.34331 -3.26441
1345 40.846253000 40.864791999 0.457038  2.13699 -3.50613
1346 40.864791999 40.880380000 0.747693    2.611 -3.85663
1347 40.880380000 40.894760000  1.00564  2.73244 -4.00412
1348 40.894760000 40.908683999  1.15531  2.85823 -4.05349
1349 40.908683999 40.922645999  1.20483  2.98482 -4.04464
1350 40.922647000 40.937746000  1.14175  2.96191 -3.91441
1351 40.937747000 40.954551999 0.944241  2.70676 -3.60892
1352 40.954553000 40.973730000  0.66633  2.40393 -3.22303
1353 40.973730000 40.997702999 0.392308  1.81931 -2.60143
1354 40.997703999 41.029811999  0.25326  1.17513 -1.91138
1355 41.029816000 41.071325999 0.200702 0.600031 -1.94367
1356 41.071330999 41.108070000 0.213839 0.529243 -2.25933
1357 41.108070000 41.140658999 0.140855 0.276785 -2.34961
1358 41.140658999 41.178982000 -0.00634341    -0.27331    -1.29171
1359 41.178986000 41.210058000 -0.0333709  -0.987777   0.804528
1360 41.210058000 41.228225000 -0.132646  -2.38173   2.89554
1361 41.228228999 41.243816999 -0.376679  -3.18755    4.2242
1362 41.243818000 41.258329000 -0.624858   -3.6721   5.08316
1363 41.258329999 41.272189000 -0.808023  -3.88297   5.56552
1364 41.272189000 41.286095000 -0.807696   -3.7852   5.76758
1365 41.286095000 41.300400999 -0.606649  -3.53039   5.61168
1366 41.300400999 41.315282000 -0.250385  -3.29138   5.24013
1367 41.315282000 41.330697999 0.224948 -3.24399  4.92188
1368 41.330699000 41.346620999 0.670408 -3.24381  4.66807
1369 41.346622000 41.363635999 0.886503 -3.06735  4.47064
1370 41.363635999 41.383473000 0.827281 -2.64024  4.31668
1371 41.383473000 41.407564999  0.55897 -2.06774  4.08848
1372 41.407568000 41.437023000 0.287217 -1.41996  3.42454
1373 41.437023999 41.490202000 0.443372 0.213288  1.35321
1374 41.490202999 41.525342999 0.399656  1.52911 -1.13878
1375 41.525344000 41.548180000 0.567471  2.44691 -2.13843
1376 41.548180999 41.566197000 0.803127  2.96965 -2.14877
1377 41.566197000 41.582568000   1.0797  3.08818 -1.95169
1378 41.582568000 41.597900999  1.34504  3.05121 -1.76454
1379 41.597900999 41.612718999  1.57217  2.85224 -1.53238
1380 41.612718999 41.627507999  1.85264  2.65699 -1.37955
1381 41.627509000 41.643063000  1.93298  2.56227 -1.04323
1382 41.643064000 41.660113999   1.86557   2.31119 -0.815349
1383 41.660115000 41.679681999   1.54726   1.98509 -0.496914
1384 41.679683000 41.701858999    1.1089   1.83892 -0.184635
1385 41.701860000 41.728956999  0.86103  1.38828 0.064845
1386 41.728957999 41.767118000    0.6118  0.794497 0.0664015
1387 41.767123000 41.817216999 -0.645104 0.0434015  0.228656
1388 41.817216999 41.838104999 -2.63876 -0.66217 0.506154
1389 41.838104999 41.854277000 -3.28532 -1.05196 0.475782
1390 41.854277999 41.868810000 -3.65876 -1.08286   0.3862
1391 41.868810000 41.882595000  -3.94837 -0.736432  0.513352
1392 41.882595000 41.895793000  -4.01764 -0.399145  0.469459
1393 41.895793000 41.908517999  -3.85191 -0.165707  0.461691
1394 41.908518999 41.921722000   -3.46214 -0.0671197    0.32443
1395 41.921722999 41.936277999  -2.74322 -0.409755 -0.205148
1396 41.936277999 41.952908999  -1.86677 -0.665614 -0.630552
1397 41.952908999 41.973646000  -0.85927 -0.746472 -0.823168
1398 41.973646999 42.007823999 0.283476 -0.53481 -1.05518
1399 42.007823999 42.030922000  1.07857 -0.97897 -1.42976
1400 42.030926999 42.049868999   1.4936 -1.26841 -1.50811
1401 42.049869999 42.066515999   1.7204 -1.60507 -1.32476
1402 42.066515999 42.082539000  1.73032 -1.96383 -1.01005
1403 42.082540000 42.099330000   1.47997  -2.36202 -0.437545
1404 42.099330000 42.116927000 0.896851   -2.636 0.475547
1405 42.116927000 42.134832999 0.137513 -2.61721  1.55083
1406 42.134834000 42.152005000 -0.36546 -2.63427  2.28605
1407 42.152005000 42.168897999 -0.458874  -2.89295   2.51961
1408 42.168897999 42.187108000 -0.184869  -3.09564   2.65721
1409 42.187108000 42.207985999 0.0719515  -2.71822   2.52051
1410 42.207987000 42.241368999 0.252646 -1.13341  1.63832
1411 42.241373000 42.280157999   0.488976    1.16125 0.00850111
1412 42.280157999 42.305292999 0.568984  1.96257 -1.22992
1413 42.305292999 42.326632999 0.516397  2.49712 -1.51538
1414 42.326633999 42.344021000 0.505236  3.01933  -1.8345
1415 42.344021000 42.358935000 0.538962  3.42775 -2.07142
1416 42.358935999 42.372516000 0.685833  3.62607 -2.35628
1417 42.372516000 42.385370000 0.840571  3.78369 -2.45736
1418 42.385370999 42.397494999 1.06859 3.80361 -2.6234
1419 42.397494999 42.409387000   1.3029  3.62731 -2.60042
1420 42.409387999 42.421753000  1.48826  3.35155 -2.41224
1421 42.421753000 42.435292999  1.53012  3.11061 -1.97726
1422 42.435293999 42.450133999  1.51637  2.91134 -1.65847
1423 42.450135000 42.466602999  1.46428  2.77492 -1.37912
1424 42.466604000 42.484397999  1.55336  2.58839 -1.06926
1425 42.484399000 42.504252999   1.75529   2.11021 -0.836874
1426 42.504257000 42.526377999   2.00512   1.75032 -0.615196
1427 42.526377999 42.551692999   2.13772   1.22479 -0.241721
1428 42.551697000 42.583027999   1.8354 0.336822 0.692986
1429 42.583029000 42.626080000  0.798651 -0.531806   2.04379
1430 42.626083999 42.667400999 -0.0436052   -1.39545    3.48741
1431 42.667402000 42.699372999 -0.39355  -1.3089  4.67611
1432 42.699373999 42.730012999 -1.15538 -1.19704  4.35608
1433 42.730012999 42.753840000 -1.96775 -1.34677  3.76125
1434 42.753841999 42.773895999 -2.51127 -1.08729  3.02013
1435 42.773895999 42.792940999  -2.52159 -0.550842   2.12281
1436 42.792942000 42.812054000   -2.2867 -0.145387  0.996466
1437 42.812054000 42.832377999   -1.9973  0.259034 -0.132846
1438 42.832379000 42.851964000 -1.84353  1.01269 -1.41999
1439 42.851964000 42.870333999 -1.64818  1.25422 -2.87158
1440 42.870333999 42.889248000 -1.45741  1.25367 -3.70385
1441 42.889248999 42.908300000 -1.34178   1.1252 -4.23224
1442 42.908300000 42.926794999 -1.46782  1.07665 -4.30367
1443 42.926796000 42.945101999 -1.45793  1.09635 -4.09012
1444 42.945103000 42.964141000 -1.28935 0.827532 -3.75004
1445 42.964142000 42.984545000 -1.08714 0.392526 -3.29658
1446 42.984545000 43.006485000 -0.963475  0.446967  -2.79541
1447 43.006486000 43.032454999 -0.583627  0.821264  -2.02963
1448 43.032459000 43.066774000 -0.158606  0.848637  -1.16598
1449 43.066774000 43.103985000  0.720326  0.386166 -0.196327
1450 43.103985999 43.124729000  1.83371 0.710008 0.485513
1451 43.124732000 43.143612000  2.35819 0.384276 0.721517
1452 43.143613000 43.161121999   2.75255 -0.207277    1.0135
1453 43.161121999 43.178727999   2.91863 -0.535506   1.16166
1454 43.178727999 43.198621999   2.51644 -0.463562   1.20532
1455 43.198621999 43.226851999   1.32702 -0.742376  0.982296
1456 43.226852999 43.258669000 0.263449 -1.62011   1.4899
1457 43.258669000 43.281365999 -0.481119  -2.05944   3.05742
1458 43.281367000 43.299865000 -1.30149  -1.9306  3.77072
1459 43.299866999 43.315632999 -1.84928 -2.01074  3.87895
1460 43.315634000 43.330269999 -2.07072 -2.14566  3.86698
1461 43.330269999 43.344334999 -2.05529  -2.2594  3.85247
1462 43.344335999 43.359172999  -1.8683 -1.95058  3.57919
1463 43.359172999 43.377343000 -1.70701  -1.1723  2.70758
1464 43.377343000 43.399697999  -1.45838 -0.573127     1.399
1465 43.399697999 43.428971000 -0.857087 -0.527851  0.184909
1466 43.428971000 43.472765999 -0.227921  0.370073  -0.96498
1467 43.472767000 43.497801999 -0.245897   1.13796  -1.84994
1468 43.497801999 43.517762000 -0.0664031    1.73362   -2.32375
1469 43.517762000 43.534479000 0.105868  2.21727 -2.82754
1470 43.534479000 43.549908000 0.0988485   2.49419  -3.43372
1471 43.549908000 43.564835999 0.0657244   2.54967  -3.85357
1472 43.564835999 43.580083000 0.0492828   2.56574  -3.95204
1473 43.580083999 43.595350000 0.0917602   2.78258  -3.90119
1474 43.595350000 43.610257000 0.169605   3.0645 -3.64815
1475 43.610257000 43.625044999 0.342101  3.26246 -3.51013
1476 43.625046000 43.640277000 0.507176  3.27473  -3.2205
1477 43.640277000 43.656575999 0.548593  3.06114 -2.76868
1478 43.656575999 43.675192000 0.549091  2.59987 -2.19998
1479 43.675192999 43.696018000 0.522993  2.26453 -1.53847
1480 43.696018000 43.717628000 0.593651  2.14393 -1.00393
1481 43.717628000 43.741457999  0.705049   1.81604 -0.646129
1482 43.741457999 43.769826999  0.782923   1.33868 -0.316602
1483 43.769826999 43.811384999 0.678318 0.574538 0.331982
1484 43.811384999 43.857381000  0.191254 -0.432497   1.99586
1485 43.857385999 43.888108999 -0.527731   -1.4998   3.67842
1486 43.888110000 43.910246999 -0.902717  -2.61326   4.52927
1487 43.910246999 43.928342999 -0.962001  -3.60742   5.38963
1488 43.928342999 43.944197999 -1.08699 -3.87756  5.92839
1489 43.944197999 43.958952000   -1.436 -3.73846  6.20696
1490 43.958952000 43.973223000 -1.83481  -3.4209  6.11891
1491 43.973223000 43.986971000 -2.06368 -2.89542  5.69907
1492 43.986971000 44.000776999 -2.11183 -2.39608  4.85694
1493 44.000778000 44.015579999 -1.97287 -2.17674  3.99813
1494 44.015579999 44.031725999 -1.75999  -2.0885   3.2135
1495 44.031725999 44.049258999 -1.61966 -1.80664  2.63064
1496 44.049260000 44.068167999 -1.57887 -1.29685  1.74697
1497 44.068167999 44.089862000   -1.2925 -0.660064   0.55069
1498 44.089863999 44.129108999 -0.328925 -0.244194 -0.816324
1499 44.129108999 44.162655999 0.106305 0.449089  -2.1305
1500 44.162655999 44.181971000 -0.271954   1.55475  -3.27294
1501 44.181971000 44.197132999 -0.286165   2.46605  -3.97458
1502 44.197132999 44.211122999 -0.0537035    2.81894   -4.38246
1503 44.211122999 44.225069000 0.228528  2.82408 -4.76269
1504 44.225069000 44.239194000 0.418649  2.58616 -4.96359
1505 44.239194000 44.254254999 0.344961  2.28472 -4.98933
1506 44.254254999 44.269279000 0.136663  2.35843 -4.90166
1507 44.269279000 44.284322999 0.0351682   2.63074  -4.55339
1508 44.284325999 44.300203999 0.051231  2.59461 -4.35743
1509 44.300204999 44.318229000 0.0963449   2.14859  -4.07051
1510 44.318229999 44.338753999 0.0962275   1.68302   -3.6375
1511 44.338754999 44.361797000 0.205601  1.61318 -3.07478
1512 44.361799000 44.389050000 0.524289  1.37579 -1.96422
1513 44.389051000 44.416569999  0.87527  1.22332 -1.29847
1514 44.416571000 44.442987999   1.23321  0.994458 -0.511829
1515 44.442987999 44.465554000  1.76305 0.598765 0.628893
1516 44.465554000 44.485972999    2.2333 -0.541765   2.14595
1517 44.485975000 44.506695999  1.92407 -1.82898  3.65113
1518 44.506697999 44.525271999  1.00742 -2.92458  4.76885
1519 44.525272999 44.541482999 0.0108616   -3.5073   5.17403
1520 44.541484000 44.555126999 -0.638375   -3.7465   5.32228
1521 44.555128000 44.567401000 -0.974213  -3.98611   5.57672
1522 44.567401000 44.578681999 -1.07765 -4.27561  5.81332
1523 44.578681999 44.589192000 -1.10502 -4.45276  6.24151
1524 44.589193000 44.599670999 -1.12708 -4.44784  6.58353
1525 44.599670999 44.610908000 -1.01991 -3.85702  6.44105
1526 44.610908000 44.622900999 -1.07428  -3.5364  6.53118
1527 44.622902000 44.635609999 -1.26572 -3.22948  6.10205
1528 44.635611000 44.649126999 -1.40095 -2.99999  5.55125
1529 44.649126999 44.663721000 -1.59525 -2.70656  5.04555
1530 44.663721000 44.680376000  -1.5833 -1.84279   4.3461
1531 44.680376999 44.702733000  -1.29135 -0.565941   2.65365
1532 44.702733999 44.726691999 -0.578439   1.23606 -0.396296
1533 44.726691999 44.744114999 0.119854  2.50867 -2.88508
1534 44.744115999 44.759638999 0.365804  2.84314   -3.925
1535 44.759638999 44.774855999 0.324165  2.93376 -4.08441
1536 44.774857000 44.789543999 0.115613  3.11231 -3.93212
1537 44.789546999 44.803259000 0.088477  3.39002 -3.85814
1538 44.803259000 44.816175999 0.241335  3.72004 -3.91755
1539 44.816175999 44.828445000 0.514929  3.93823 -4.21076
1540 44.828445999 44.840217999 0.778762  4.10623 -4.54286
1541 44.840217999 44.851635000 0.990421  4.06171 -4.72677
1542 44.851635000 44.863232000  1.18972  3.87247 -4.99503
1543 44.863232000 44.875421999  1.30289  3.60511 -5.02598
1544 44.875421999 44.888646999  1.27672  3.33608 -4.86953
1545 44.888646999 44.903209000   1.1745  3.00815 -4.40812
1546 44.903209999 44.920213000 0.910601  2.51609 -3.74414
1547 44.920213000 44.942078000 0.494522  1.85683 -2.47119
1548 44.942078000 44.967947999 0.0783642   1.57068  -1.34577
1549 44.967947999 45.021503999  -0.209828   0.119195 -0.0518852
1550 45.021505000 45.050065000 -0.933711 -0.898933   0.61876
1551 45.050065999 45.067247000 -1.20985 -2.18358   1.1794
1552 45.067247000 45.080553999 -1.33078 -3.24652  1.65619
1553 45.080553999 45.092310000 -1.54214 -3.82515  2.12289
1554 45.092310000 45.103382999  -1.6536 -4.08571  2.36488
1555 45.103383999 45.113733000 -1.56957  -4.3061  2.60959
1556 45.113733000 45.123482000 -1.38964 -4.55054  2.81621
1557 45.123482000 45.133158999 -1.16099 -4.69797  2.81146
