16.1926   -0.26738   -1.32089 -0.0731378
16.2022 -0.295693  -1.11031 -0.436476
16.2137 -0.306928 -0.843217 -0.651016
16.2277 -0.353416 -0.636498  -1.12247
16.2456 -0.212868 -0.432859  -1.20301
16.2687 -0.238848 -0.157566 -0.926622
16.313  0.0507283    0.48291 -0.0104225
16.3548  0.110245  0.717849 0.0458734
16.3732 0.0472279   1.06279 0.0130935
16.3864 -0.058863   1.44578 -0.133055
16.3968 0.0802529    1.7085 -0.118017
16.4057 -0.170994   1.81083 -0.362117
16.4138 0.0115873   1.92359 -0.485566
16.4215   0.126281    2.07581 -0.0749573
16.4287  0.179253   2.26264 -0.488931
16.4353 -0.0503046     2.4884  -0.805066
16.4414 -0.115336   2.51486 -0.948524
16.4472  0.126181   2.77872 -0.285862
16.4527 -0.267542   2.79613 -0.910417
16.458 -0.206547   2.91536   -1.6003
16.4632 0.00586536    2.86069   -1.08311
16.4728 -0.0300305     2.9156   -1.13109
16.4818 0.0416075   3.05235 -0.973839
16.4903 0.101568  3.09666 -1.07478
16.4983 0.220271  3.22807 -0.76895
16.506  0.196381   3.28866 -0.534794
16.5134  0.252371   3.26276 -0.577569
16.5206  0.263742   3.29213 -0.424092
16.5275  0.240216   3.39166 -0.335534
16.5343  0.253819   3.31903 -0.392317
16.5411  0.194126   3.19984 -0.560381
16.5481 0.275173  3.05928 0.271909
16.5551 -0.0329553    2.89028   -0.56159
16.5625  0.141648    2.6715 -0.427724
16.5701  0.210983   2.49333 -0.503836
16.5779  0.257973    2.2841 -0.552204
16.5863  0.265619   2.00428 -0.555468
16.595  0.358166   1.86219 -0.405191
16.6039  0.318534   1.91561 -0.421072
16.6128  0.402061   1.94379 -0.410884
16.6213  0.482044   1.89048 -0.640434
16.6298  0.497183    1.7118 -0.392656
16.6386  0.646798   1.45792 -0.585016
16.6482  0.415147   1.32735 -0.332429
16.6535   0.453841    1.21056 -0.0804925
16.6591  0.399594   1.10187 -0.250637
16.6651  0.345195   1.04902 -0.236639
16.6714  0.326038  0.971512 -0.304384
16.6781   0.11498  0.976333 -0.613612
16.6849 -0.0176681   0.855872  -0.843063
16.692  0.017704   0.82814 -0.634915
16.6998  0.111167  0.689829 -0.434635
16.7086   0.19562  0.501561 -0.309787
16.7197  0.16581 0.190526 -0.12523
16.7331 0.0968644  0.112725 -0.022195
16.766 -0.175816 -0.373667   0.62605
16.7832  -0.14269 -0.842482  0.836626
16.7925 -0.0826031  -0.912436   0.978616
16.8001 -0.0517499  -0.973877    1.18692
16.8068 -0.00182815    -1.04285     1.26255
16.8131 -0.0918802   -1.08141     1.1282
16.8191 -0.204487  -1.11415  0.925005
16.8251 -0.193943  -1.16659   1.35093
16.8309 -0.190334  -1.30276   1.03854
16.8364 -0.303246  -1.32748  0.800136
16.8418 -0.414154  -1.36145  0.392682
16.8469 -0.196102  -1.60614   1.01075
16.8563 -0.208174  -1.70985   0.90837
16.8652 -0.228641  -2.00959   1.01787
16.8735 -0.213105  -2.15378     1.036
16.8814 -0.271872  -2.32543   1.29378
16.8888 -0.301783  -2.46618   1.22296
16.8961 -0.341762  -2.59922    1.2274
16.9033 -0.405874   -2.5744   1.28014
16.9105 -0.549668  -2.62517   1.60343
16.9178 -0.546338  -2.69569   1.58776
16.9252 -0.55263 -2.73005  1.73108
16.9325 -0.492926   -2.7886   1.47889
16.9397 -0.430474  -2.92157   1.77944
16.9468 -0.449567  -3.08493   1.77382
16.9537 -0.342766  -3.07164   1.74672
16.9606 -0.273927  -3.08125   1.75827
16.9675 -0.216239  -3.12943   1.65046
16.9746 -0.18435 -3.10787  1.48623
16.982 -0.169826  -3.11338   1.55277
16.9897 -0.0336195   -3.12354    1.47815
16.9976 -0.0790098    -3.1731    1.26877
17.0058 -0.170998  -3.14552  0.779995
17.0144 -0.242641  -2.96564  0.311568
17.0238 -0.216166  -2.86003  0.532653
17.0289 -0.282982  -2.59923 -0.401341
17.0344  0.192053   -2.1977 -0.546923
17.0405 -0.0146245   -1.81217  -0.843267
17.0474 -0.101932  -1.54716  -1.07071
17.0557 -0.233851  -1.25962  -1.20534
17.0657 -0.270806  -1.14859  -1.50412
17.077 -0.361092 -0.987694  -1.59056
17.089 -0.355224 -0.885496  -1.51302
17.102 -0.353528 -0.680861  -1.42807
17.1181 -0.307825  -0.11897  -1.24404
17.1536 -0.12846 0.597792  -0.5222
17.1779 0.0294029    0.7258 -0.248603
17.1959  0.114752  0.919101 0.0837121
17.2107 0.0398459   1.11807 0.0775115
17.2225 0.0521455   1.40255  0.160068
17.2323 -0.214778   1.85892 -0.205119
17.2402 -0.281372   2.17657 -0.332069
17.247 -0.250678   2.64218  -0.44302
17.2529 -0.0726516    2.83829  -0.331854
17.2584 -0.274264   3.10388 -0.488256
17.2635 -0.193375   3.16509 -0.764847
17.2728 -0.170769   3.38892 -0.915457
17.2814 -0.0704075    3.52029  -0.708598
17.2895 -0.00599221     3.57375   -0.982307
17.2971 0.186201  3.61611 -0.72736
17.3045 0.156738  3.51539 -0.90155
17.3118 0.175602  3.43418  -0.9373
17.3188 0.137296  3.37501 -1.11991
17.3258 0.273624  3.34271 -0.98647
17.3326  0.328288   3.43844 -0.935535
17.3393  0.318054   3.54571 -0.846582
17.346   0.35248   3.56421 -0.721032
17.3525   0.32736   3.58875 -0.836048
17.359  0.394114    3.6023 -0.549269
17.3653  0.377094   3.54027 -0.813106
17.3716 0.401452  3.45886 -0.94416
17.3779  0.434072   3.41155 -0.679469
17.3842  0.484746   3.02641 -0.673257
17.3908  0.451009   2.77918 -0.815009
17.3975  0.423149   2.52395 -0.674073
17.4048  0.353641   2.21627 -0.558713
17.4125  0.343228   2.00637 -0.453227
17.4207   0.28963   1.88853 -0.350555
17.4292  0.289666   1.87821 -0.286079
17.4378  0.181782   1.95476 -0.186186
17.4464 -0.187533   1.90322  -0.21581
17.4554 -0.0747364    1.69949  -0.361432
17.465   0.358604    1.37944 -0.0388582
17.4702   0.377363    1.34525 -0.0899607
17.4757  0.346172   1.25443 -0.266289
17.4814  0.384648    1.1621 -0.110463
17.4875   0.358755    1.12217 -0.0367731
17.4937   0.359427    1.07463 0.00368029
17.5002   0.339964    1.07625 0.00609908
17.5067  0.299403   1.11502 0.0775269
17.5135  0.264425   1.03454 -0.094832
17.5203  0.167028   1.03562 -0.119298
17.5273 -0.0346928    1.02074  -0.438764
17.5346 -0.179226   0.85638 -0.229186
17.5427  0.218194  0.749853 -0.185206
17.5518   0.209641   0.645252 -0.0652499
17.5619   0.180006   0.596498 0.00422339
17.5731  -0.142911   0.541774 0.00538274
17.5857 -0.176153  0.219402 0.0836386
17.6008  -0.21669 0.0740217  0.414475
17.6225 -0.275554 0.0166821  0.588773
17.6451 -0.203468 -0.255179  0.706857
17.6639 -0.126677  -0.57473  0.554665
17.6772  -0.18068 -0.696412  0.335117
17.6877  -0.26735 -0.820312  0.195491
17.6964 -0.258645  -1.05033  0.297039
17.704 -0.326549  -1.21926   0.61825
17.7106 -0.340441  -1.49081  0.298304
17.7165 -0.400042  -1.59342  0.716131
17.7219 -0.262145  -1.71818  0.718181
17.7314 -0.306781  -1.99212   1.03967
17.7399 -0.241032  -2.35065   1.10074
17.7475 -0.16956 -2.55996   1.4456
17.7547 -0.0982748    -2.7078    1.63421
17.7615  -0.1574 -2.72921  1.76244
17.768 -0.139274  -2.71886   1.69392
17.7746 -0.223877  -2.73071    1.6507
17.7812 -0.241225  -2.55157    1.5227
17.7881 -0.304118  -2.44514   1.67316
17.7951 -0.400865  -2.40765   1.54661
17.8022 -0.389817  -2.44482   1.42726
17.8093 -0.279317  -2.60484   1.54392
17.8163 -0.272547  -2.72083    1.3024
17.8232 -0.330093  -2.76187   1.06955
17.8301 -0.252602  -2.83821   1.23397
17.8368 -0.300692  -2.96942   1.02905
17.8436 -0.31634 -2.96772 0.996559
17.8504 -0.272307  -3.01444  0.998208
17.8573 -0.406317  -2.89208  0.519185
17.8643 -0.339772  -2.74545  0.290868
17.8717 -0.342228  -2.53811 0.0956701
17.8795 -0.311505  -2.31434 -0.160466
17.8881 -0.328156  -1.98924 -0.289622
17.8976  -0.47001  -2.00162 -0.376815
17.9027 -0.448198  -1.77601 -0.828574
17.9082 -0.377251  -1.74983  -0.89763
17.9138 -0.324056   -1.6574  -1.17741
17.9197 -0.17954 -1.55948 -1.32066
17.9257 -0.163347  -1.66815 -0.886568
17.9319 -0.188418  -1.63526  -1.13098
17.9381 -0.271419  -1.67632 -0.898524
17.9446 -0.225156  -1.63528  -0.85558
17.9512 -0.353058  -1.51968 -0.363452
17.9578 -0.332628  -1.77422 -0.430289
17.9643  -0.32512  -1.61844 -0.280909
17.971 -0.324318  -1.65147 -0.119743
17.9778 -0.351103  -1.53037  -0.23345
17.9849 -0.278249  -1.35032  -0.18833
17.993  -0.258774   -1.10876 -0.0816108
18.0027  -0.211892  -0.762664 -0.0377388
18.0157 -0.227724 -0.314524 -0.363984
18.0422 -0.0626454  -0.273964  -0.158962
18.0812 0.0559007 0.0686633 -0.306076
18.1338 -0.00805763    0.729461     -0.3225
18.1503    0.147373    0.951118 -0.00548722
18.1626 0.0519007   1.07426 -0.127473
18.1731   0.129984    1.30408 -0.0250453
18.182 -0.146017   1.47309 -0.349844
18.19 0.0325552   1.68034 -0.324953
18.1973  0.134209   1.80284 -0.457366
18.2038  0.143254   1.97891 -0.212925
18.2097  0.262076   2.30736 -0.420078
18.2152  0.397564    2.4845 -0.287615
18.2203  0.158671   2.60663 -0.513868
18.2295 0.0765691   2.96756 -0.522315
18.2378  0.153104   3.17422 -0.490671
18.2455  0.246223   3.26757 -0.647267
18.2528  0.224212   3.30153 -0.485747
18.2598  0.244889   3.34321 -0.481435
18.2665  0.234804   3.42709 -0.103647
18.2732   0.33621   3.40282 -0.282089
18.2799  0.269096   3.45498 -0.448101
18.2865  0.313602   3.41397 -0.377082
18.293 0.325422  3.33586  -0.3138
18.2995    0.36409    3.38538 -0.0240591
18.3059   0.347868    3.45454 -0.0367206
18.3122  0.356315    3.3591 -0.164408
18.3185  0.374979   3.30229 -0.299079
18.3249  0.202109   3.05166 -0.329979
18.3316  0.400938   2.61693 -0.153827
18.3384  0.409775   2.35545 -0.184429
18.3459   0.412845    1.87252 -0.0520304
18.3542   0.419964    1.52299 -0.0693203
18.3635   0.267249    1.37035 -0.0675205
18.3736  0.451131   1.31667 0.0237485
18.3789  0.372483   1.45234 -0.017092
18.3841   0.394693     1.3332 -0.0723626
18.3895   0.335799    1.24963 -0.0665233
18.3952   0.284733    1.08516 0.00372062
18.4015   0.31539  0.926833 0.0773042
18.4085   0.235995   0.738732 -0.0452764
18.4173   0.220302   0.514412 -0.0309512
18.4287 0.0654786  0.204879 -0.136035
18.4543 -0.380036   0.06661 0.0112827
18.4719   -0.178063   -0.160237 -0.00164478
18.4871   -0.16802  -0.376164 -0.0332833
18.5029  -0.144773  -0.337631 -0.0509178
18.5187  -0.186493  -0.213677 0.00136239
18.5324 -0.156621 -0.452145 0.0522947
18.5453  -0.151236  -0.465575 0.00618104
18.5588 -0.119113 -0.247473 0.0464916
18.5723 -0.133546 -0.458607 0.0334413
18.5863  -0.178056  -0.204703 -0.0317581
18.6007   -0.179097    -0.20089 -0.00222668
18.6142   -0.185192   -0.225137 -0.00571514
18.6268 -0.159227 -0.514303 0.0823429
18.6394 -0.0577578  -0.520461   0.199796
18.6511  0.151675 -0.584871  0.302666
18.6613 0.0201262 -0.591284  0.741825
18.6706 0.0619084 -0.499841  0.725624
18.6797 -0.0240092  -0.553029   0.666981
18.6893 -0.170544 -0.608723  0.176115
18.6997 -0.190238 -0.548124 0.0879818
18.7107 -0.168476 -0.494849   0.16145
18.7217 -0.199016 -0.630274 0.0499875
18.7318 -0.202039 -0.605617  0.001194
18.7413 -0.177485 -0.716243   0.28206
18.7501 -0.244447 -0.795568 0.0875946
18.7581 -0.252701 -0.798756 0.0792707
18.7662  -0.268618  -0.758719 -0.0678483
18.7744 -0.257171 -0.347049 0.0193337
18.7832 -0.250594 -0.283878 0.0178839
18.7927  -0.262124  -0.249636 0.00972321
18.803 -0.208063 -0.202495 -0.024575
18.8151 -0.176823 -0.474537 -0.128394
18.828   -0.16299  -0.533008 -0.0693226
18.8405  -0.19368 -0.546741 -0.045651
18.852  -0.221717  -0.535618 -0.0987933
18.863  -0.212995  -0.571286 -0.0463492
18.874  -0.213898  -0.483934 -0.0719014
18.8858  -0.163378  -0.165354 -0.0147309
18.9014 -0.0996512  -0.128515 -0.0469598
18.9277 -0.0691401  -0.281639  0.0110195
18.9505 -0.0747684   -0.35077  0.0232113
18.9676  -0.10495 -0.381747 0.0978113
18.9845 0.0875838 -0.300313   0.12731
19.0065  0.115405 -0.118105 0.0324883
19.0297  0.500746 -0.172551 0.0357459
19.0432  0.657378 -0.203615 0.0564568
19.053   0.78648 -0.232661  0.149046
19.061  0.997917 -0.305775 0.0468189
19.0678   1.06383 -0.397585  0.205756
19.0741   1.20216 -0.376922  0.152297
19.0797  1.44108 -0.23094 0.529915
19.0849  1.58286 -0.17191 0.434131
19.0943   1.81291 -0.111195  0.394587
19.103    2.01233 -0.0087413   0.220516
19.1111  2.09995 0.140728 0.143782
19.1188   2.42435  0.176912 0.0297649
19.1263  2.57946 0.227471 0.221252
19.1335      2.738   0.125796 -0.0815398
19.1405   2.72326  0.129698 -0.417898
19.1475   2.78114  0.219231 -0.483301
19.1544   2.74049 -0.147977 -0.522932
19.1616   2.77941 -0.104772 -0.317332
19.1689   2.76399 -0.136278 -0.572214
19.1766    2.7003  -0.21601 -0.337871
19.1847   2.53882 -0.126109 -0.520266
19.1933   2.40064  0.209531 -0.261936
19.2025   2.17088  0.232484 -0.338557
19.2128   1.97147  0.374114 0.0300057
19.2185   1.83776  0.336824 -0.042471
19.2247   1.62833  0.304237 -0.177437
19.2315   1.45981  0.318484 -0.103153
19.2391  1.24208 0.341718 0.139562
19.2476  1.01905  0.26828 0.219974
19.2576  0.79911 0.242785 0.496109
19.2696 0.602705 0.166094 0.409839
19.2852 0.0697794  0.135113  0.225984
19.3227   -1.03319   0.154567 -0.0377068
19.3354    -1.5245   0.229471 -0.0303352
19.3435  -1.79448  0.318683 0.0115446
19.3501  -2.20138  0.327365 -0.146077
19.3558  -2.33623  0.322911 -0.110345
19.361  -2.62126  0.242355 0.0631761
19.3704 -2.87299 0.384329 0.263857
19.3789  -3.12121  0.217187 -0.113887
19.3868 -3.22158 0.288109 0.272357
19.3942  -3.3179 0.306121 0.334992
19.4012 -3.31771 0.360291 0.329461
19.4079 -3.31641 0.286481 0.321035
19.4144 -3.31204 0.317514 0.307226
19.4206 -3.23077 0.192349 0.381524
19.4267  -3.33422 0.0446488   0.17924
19.4326 -3.24979 0.204293 0.362944
19.4385  -3.35554 -0.174331 0.0845193
19.4444  -3.25915 -0.143198 0.0755418
19.4502  -3.27252 -0.250362    0.1586
19.456  -3.34557 -0.273232  0.258519
19.4617  -3.32365 -0.365185  0.466111
19.4674  -3.34793 -0.338736   0.38573
19.4732  -3.50505 -0.259534  0.321724
19.4788 -3.55972  -0.2025 0.191226
19.4844   -3.55092 -0.0124095   0.114294
19.4899   -3.63714   -0.11419 -0.0537909
19.4955  -3.60333 -0.190712 -0.205079
19.501  -3.62721 0.0553439 -0.409075
19.5066  -3.50136  -0.21318 -0.201535
19.5121  -3.49463 -0.158107 -0.226125
19.5178  -3.45947 -0.244132 -0.399335
19.5236  -3.14856 -0.127812 -0.720017
19.5296  -3.02515 -0.260655 -0.486759
19.5361  -2.78992 -0.244679  -0.71193
19.5429  -2.53982 -0.193895 -0.611669
19.5503  -2.44351 -0.250115 -0.493463
19.5582  -2.22484 -0.245488 -0.579329
19.5669  -2.03476 -0.237143 -0.642937
19.5765  -1.95102 -0.225258  -1.15837
19.5816   -1.50235  -0.366479 -0.0680679
19.587  -1.52445 -0.205629 -0.600441
19.5929    -1.2684  -0.300816 -0.0754821
19.5991  -1.13872 -0.208688 -0.320389
19.6061  -0.943108 -0.0844328  -0.112708
19.6143 -0.701197  0.191481 0.0587808
19.6241 -0.503195   0.12009  0.164873
19.6376  0.157419 -0.082739  0.984872
19.6684   0.80743 -0.169054  0.627732
19.6816   1.18338 -0.263365  0.666627
19.6899   1.52641 -0.294633  0.531225
19.6967   1.83187 -0.340909  0.503282
19.7027   1.84725 -0.381377  0.471448
19.7083   2.06475 -0.437525  0.239586
19.7136    2.1734 -0.175577  0.489411
19.7232  2.49064 -0.11449 0.572131
19.7319   2.70708 0.0582417   0.68155
19.74  2.93279 0.164146 0.389501
19.7475  3.11453 0.150677 0.475733
19.7545   3.1381 0.156478 0.237873
19.7611   3.24574 -0.118569  0.153938
19.7675   3.33691 0.0897697 0.0631199
19.7737     3.2895  -0.218275 -0.0480827
19.7797    3.33991 -0.0789615   0.104357
19.7857    3.44178  -0.218529 -0.0526313
19.7917    3.42884  -0.319224 -0.0793061
19.7976   3.36487 -0.290802 -0.205637
19.8036    3.4263 -0.322838 -0.253535
19.8094   3.44421 -0.267655 -0.201186
19.8153   3.44449 -0.290059 -0.399215
19.8211    3.5878 -0.306032 -0.347903
19.8269   3.52205 -0.146195 -0.170282
19.8327   3.51389 -0.108928 -0.391697
19.8385    3.49011   0.199619 -0.0994722
19.8443   3.33864  0.298451 -0.703853
19.8503   3.36186  0.317347 -0.476784
19.8564   3.20273  0.322745 -0.476213
19.8627   3.03675  0.334719 -0.688476
19.8692   2.95209  0.272715 -0.208551
19.8761   2.74955  0.319866 -0.383616
19.8834    2.54525 -0.0776817  -0.270926
19.8913    2.31239 -0.0696739  -0.347071
19.9   2.04149 -0.191202 -0.103968
19.9097   2.13392 -0.164074   0.32736
19.915  1.92243 0.255095 0.148091
19.9205   1.8594 0.277547 0.191455
19.9264    1.74559 -0.0846354  0.0649155
19.9325   1.66078  0.290665 0.0134884
19.939   1.6453 0.298901 0.203415
19.9458    1.55332   0.296738 -0.0906978
19.9528   1.4892 0.250817 0.107692
19.9603    1.3613   0.24122 0.0492129
19.9682   1.24774  0.142742 0.0183209
19.9769  1.12104 0.176461 0.171371
19.9867   0.928354 -0.0982917   0.131229
19.9981   0.706826 -0.0788215   0.258095
20.0117   0.373789 -0.0702512   0.220269
20.0366 -0.808907 0.0548228   0.15977
20.0621  -1.14484  0.203307 0.0430761
20.0722   -1.43852   0.269975 -0.0893184
20.0801   -1.7539  0.316166 -0.295018
20.0871  -1.87369  0.390846 -0.221658
20.0934 -1.99149 0.436108 0.133169
20.0992  -2.20211  0.483199 -0.284158
20.1045 -2.36376 0.723724 0.071826
20.1139 -2.72786  0.84017  0.48371
20.1221 -3.10079 0.826627 0.521536
20.1295 -3.48428 0.681461 0.323573
20.1362 -3.79354 0.471859 0.485013
20.1423 -4.06146 0.452044 0.343036
20.1479 -4.33701 0.461003 0.713286
20.1532 -4.38384 0.401685 0.825906
20.1583 -4.50339 0.274509 0.509337
20.1656 -4.65784 0.112375 0.296032
20.1727 -4.69268  0.10436 0.129217
20.1797  -4.64595 0.0515236  0.036777
20.1867    -4.5066   0.159623 -0.0627444
20.1939  -4.31503  0.189729 -0.147061
20.2014  -4.07642 0.0768325 -0.598991
20.2065  -3.81895 0.0743735 -0.149664
20.2119  -3.64883 -0.143026 -0.123276
20.2173  -3.50538  -0.20163 -0.489977
20.223  -3.32535 0.0729259 -0.297409
20.2288  -3.17471 -0.161015 -0.316655
20.2349  -2.92348 -0.293544 -0.407963
20.2413  -2.77076 -0.330385 -0.409463
20.248  -2.70487 -0.344141 -0.473653
20.255  -2.67598 -0.373274 -0.203223
20.2623  -2.65206 -0.333966 -0.179699
20.2699   -2.6196 -0.325045  -0.60648
20.2779  -2.47595 -0.254346 -0.502145
20.2863  -2.26714 -0.190009 -0.273576
20.295  -2.12406 -0.194614 -0.402568
20.3045   -2.0144 -0.298991 -0.199136
20.3097   -1.88572 0.00596015  -0.578515
20.3154  -1.48271 -0.151018 -0.494378
20.3218  -1.04312  0.210339 -0.173455
20.3293 -0.747975  0.227778  0.011572
20.3389  -0.170403   0.140993 -0.0340893
20.3602   0.760501 -0.0967135   0.434361
20.3785   1.11607 -0.166722  0.753966
20.3882   1.23432 -0.211163  0.678762
20.3966   1.38067 -0.277855   0.76031
20.4041    1.56272 -0.0162422   0.237122
20.411     1.6648 -0.0298892   0.783851
20.4174    1.7469 0.0557793  0.821635
20.4234  1.84137 0.256866 0.459838
20.4292  1.88635 0.281371 0.967273
20.4347  2.17422 0.366106 0.536924
20.4399  2.22715 0.226013 0.567023
20.4494  2.47171  0.23866 0.394652
20.458  2.72048 0.115517 0.483363
20.4659   2.96785 0.0354118  0.159067
20.4731    3.23719  -0.282797 -0.0177445
20.4797   3.37103 -0.353505 -0.131111
20.4859   3.58059 -0.385959 -0.157068
20.4917   3.65187 -0.440308 -0.287538
20.4973   3.70725 -0.413968 -0.491726
20.5029   3.85373 -0.411497 -0.110005
20.5084   3.76851 -0.372919 -0.150498
20.514   3.80962 -0.385578  -0.65063
20.5196   3.72442 -0.339539 -0.407758
20.5252   3.64167 -0.209575 -0.325394
20.531   3.57576 -0.166027 -0.415279
20.5368   3.43898  0.086038 -0.210784
20.5427   3.24413  0.156869 -0.276122
20.5488   3.22445  0.291593 -0.369405
20.5549   3.14015   0.32048 -0.452867
20.5612  2.93483 0.299534 -1.00421
20.5675   2.93248  0.356186 -0.427819
20.5741  2.92646 0.310645 -0.56013
20.5808   2.73914  0.305748 -0.402277
20.5876   2.78102  0.301123 -0.227987
20.5947  2.70496 0.289826 -0.30504
20.6019    2.66772   0.182311 -0.0150821
20.6093    2.61032   0.186866 -0.0910087
20.6172  2.55297 0.204923 -0.02447
20.6254   2.56291 0.0510891  0.122727
20.634     2.5048  0.0190884 -0.0889267
20.643  2.35096 0.180658 0.122587
20.6527    2.1382  0.346429 0.0606138
20.6579   1.97459  0.210014 -0.015217
20.6637   1.77727   0.35709 0.0189682
20.6699  1.57527 0.296289 0.205553
20.6769   1.40586  0.247639 0.0988379
20.6848  1.24712 0.237711 0.131794
20.6937   1.11679  0.119697 0.0950774
20.7035  1.04105 0.186517 0.186217
20.7138  1.04561 0.180972 0.450195
20.7243    0.9946 0.0298949  0.295572
20.7356    0.735422 -0.00865732    0.518143
20.7487   0.438347 -0.0167801   0.702667
20.7688 -0.179943 0.0225181    1.2929
20.7961 -0.77696  0.12421 0.617437
20.8117 -1.15881 0.226224 0.224286
20.8221   -1.43242   0.241137 -0.0371193
20.8304  -1.60058  0.286361 -0.122398
20.8377  -1.87727  0.341861 -0.188168
20.8443   -1.93637   0.374687 -0.0573566
20.8504  -2.16202   0.40548 0.0303912
20.8561 -2.16313 0.428842 0.102488
20.8614   -2.3743  0.443291 0.0940952
20.8665 -2.58822 0.309012 0.234679
20.8757 -2.87282 0.349828 0.177501
20.8841 -3.17168  0.36275 0.688811
20.8915  -3.4315 0.455795 0.532614
20.8983 -3.75639 0.446943 0.434317
20.9046 -3.98082 0.453364 0.490594
20.9104 -4.37624  0.53345 0.582146
20.9158 -4.35977 0.556972 0.390199
20.9208 -4.47106 0.497409 0.116376
20.9281 -4.74813 0.460213 0.244958
20.9352   -4.88569   0.335866 0.00518949
20.942   -4.9916  0.294162 -0.476641
20.9487  -4.92939  0.258423 -0.591716
20.9557  -4.71006   0.27489 -0.462346
20.9628 -4.51409 0.345967 -0.76763
20.97  -4.16633  0.398061 -0.706205
20.9775  -3.86886  0.375876 -0.884831
20.9828  -3.35845  0.386116 -0.576439
20.9884  -2.96397  0.370833 -0.516918
20.9945  -2.57086  0.224384 -0.540298
21.0011   -2.26668 -0.0941668  -0.380717
21.0086  -2.10827 -0.253894 -0.445517
21.0167  -2.07012 -0.272417  -0.50639
21.0253   -2.1037 -0.262501 -0.447132
21.034  -2.18779 -0.148594 -0.538436
21.0427  -2.06109 -0.119731 -0.590508
21.0519   -1.75434 -0.0376981  -0.500168
21.0623   -1.37219 -0.0356128  -0.796866
21.0683  -1.06161  0.246713 -0.604516
21.0758 -0.506098  0.287333 -0.390739
21.0865 -0.177986  0.142124   -0.2757
21.114   0.496599 0.00601284  -0.414772
21.1452  1.26352 -0.27128 0.112477
21.1536     1.52688    -0.34066 -0.00146969
21.1604   1.56853 -0.351801  0.665963
21.1666   1.69032 -0.336209  0.169898
21.1724   1.74359 -0.364588  0.527057
21.178    1.8868 -0.321672  0.324828
21.1836  1.86342 0.232248 0.374022
21.1891  1.90867 0.357967 0.152793
21.1945     1.866  0.358308 -0.195543
21.1997   2.10002  0.394179 0.0579039
21.2047  2.17385  0.21183 0.113182
21.2137  2.52458 0.122769 0.218367
21.2216   2.86359  0.182598 0.0596085
21.2287   3.18044 -0.173449  0.147967
21.2352   3.30794 -0.315986 0.0758632
21.2412     3.459 -0.266425  0.114458
21.247   3.64306 -0.238594  0.281068
21.2528    3.6725 -0.184758  0.212001
21.2585   3.77643 -0.229786  0.506169
21.2641    3.67458  -0.179957 -0.0207159
21.2697    3.68597 -0.0527084   0.311158
21.2754   3.73804  0.071952 0.0456725
21.281  3.69835 0.147224 0.180167
21.2866   3.62742  0.247581 0.0604854
21.2922    3.6417  0.364087 0.0833893
21.2979   3.60614  0.303991 0.0356028
21.3036   3.45237  0.295194 0.0242103
21.3093   3.33151  0.374369 -0.128475
21.3152    3.17918   0.302601 -0.0137794
21.3214   2.9514 0.266032 0.193165
21.3281  2.63765 0.210881  0.33178
21.3352   2.2665 0.128054 0.462456
21.3431  1.91605 0.144959 0.328039
21.3519   1.6092 0.139133 0.305004
21.3619  1.33915   0.2971 0.173146
21.3675  1.20887 0.281555 0.295199
21.3736   1.14417  0.331883 0.0549986
21.3802  1.03959 0.298569 0.210507
21.3874 0.894217 0.224331 0.260109
21.3958 0.712469   0.1653 0.172641
21.4059    0.415367 -0.00161496    0.191079
21.4235 -0.319866  0.180625  0.937157
21.4511 -0.64018 0.146642 0.522805
21.4643 -0.677417  0.195832  0.206113
21.4751 -0.689488  0.220387 0.0873782
21.485 -0.779196   0.26014 0.0227454
21.4939   -0.80419   0.270806 -0.0509624
21.5024  -0.846065   0.300845 -0.0735347
21.5106  -0.861167 -0.0238747  -0.185037
21.5193  -0.77774  0.124442 -0.149545
21.5289 -0.576983 -0.145732  -0.10545
21.541  -0.450094  -0.124812 -0.0411783
21.5559  -0.480585   0.110565 -0.0926132
21.5701  -0.609842    0.19414 0.00359831
21.5808  -0.678606   0.228399 -0.0143563
21.59  -0.742903    0.21745 -0.0386128
21.5988 -0.714184  0.230803 0.0397415
21.608  -0.714097   0.200852 -0.0823129
21.6175  -0.697131     0.1615 -0.0938081
21.6272  -0.672911    0.19657 -0.0525532
21.6372  -0.616278   0.188715 -0.0645596
21.6475 -0.630984  0.181177 -0.010161
21.6578 -0.476127 0.0350676 -0.590599
21.6687 -0.315587 0.0595222 -0.618347
21.6856 -0.118351 0.0180222 -0.707414
21.7117  -0.134348 -0.0995014   -1.12898
21.7298 -0.170272 -0.121809  -1.33054
21.745 -0.172694 -0.112819  -1.59117
21.7583 -0.243547 -0.115396  -1.81759
21.7702 -0.257119 -0.100268   -1.9392
21.7808 -0.325793  -0.28826  -2.28217
21.7902 -0.367111 -0.368594  -2.49231
21.7986 -0.405824 -0.405286  -2.65461
21.8065 -0.401815 -0.444614  -2.70225
21.8139 -0.436245 -0.285856  -2.85711
21.8209 -0.462793 -0.548518  -3.18375
21.8276 -0.433506  -0.67506  -3.31681
21.8342  -0.26472 -0.535079  -3.87886
21.8406 -0.417926 -0.622729  -4.26906
21.8468 -0.335772 -0.610578  -4.13448
21.8528 0.00739096   -0.71696   -4.16425
21.8586 -0.0688187  -0.561968   -4.57675
21.8642 0.00845513  -0.520191    -4.6404
21.8698  0.145187 -0.656966   -4.8618
21.8753  0.144177 -0.517273  -5.03088
21.8807 0.0348221  -0.74511  -5.19763
21.886  0.160249 -0.691833  -5.14224
21.8913  0.184124 -0.775978   -5.1319
21.8966  0.209855 -0.644392  -5.06057
21.9019  0.177758 -0.701672     -5.28
21.9072  0.424873 -0.706231  -4.93036
21.9125  0.162079 -0.676398  -5.21763
21.9178  0.281404 -0.694029   -5.0477
21.9232  0.191946 -0.711025  -5.20106
21.9285 0.198253 -1.01297 -5.07176
21.934  0.270073 -0.981099  -4.99965
21.9395  0.230724 -0.918655  -4.74556
21.945   0.10274 -0.981792  -5.03984
21.9507 0.0161629  -1.02756  -4.83425
21.9564  0.137572 -0.851536  -4.41722
21.9622  0.283334 -0.864542  -4.29637
21.9682  0.261753 -0.758755  -4.34491
21.9744  0.346705 -0.714711  -4.13652
21.981  0.447303 -0.650581  -3.86284
21.9876  0.413772 -0.623377  -4.00741
21.9944  0.321693 -0.578289  -4.05015
22.0014  0.13788 -0.68902 -4.10108
22.0085  0.276063 -0.555161  -3.70529
22.0159  0.137015 -0.458956  -3.57019
22.0234 0.0942165 -0.544712  -3.28505
22.0312 0.106776 -0.69893 -3.12539
22.0392  0.180145 -0.603082  -2.76041
22.0478 0.193441 -0.56143 -2.61368
22.0571  0.218975 -0.483875   -2.3267
22.0673  0.169072 -0.407361  -1.84378
22.0795 0.118928 -0.23715 -1.09657
22.0988 0.275123  0.13886  1.00348
22.1391 0.105999 0.224708  2.91749
22.15 0.126483 0.214513  3.87247
22.1584 0.243321   0.2383  4.43468
22.1657 0.214795 0.185495  4.85218
22.1722 0.0712586  0.426604   5.45746
22.1784 0.0992668  0.385038   6.33842
22.1841 0.159348 0.401631  6.17423
22.1896 -0.0437848   0.670642    7.07779
22.1948 0.0101706  0.576933   7.26791
22.1999 -0.0587865   0.682401    7.34823
22.2096 -0.156887  0.792158   7.87787
22.2187 -0.20282 0.924641  8.09173
22.2275 -0.251799   1.03284   8.30244
22.236 -0.286874   1.05907   8.34215
22.2441 -0.31034  1.13229  8.46859
22.2521 -0.311556   1.05076    8.2268
22.2598 -0.324655   1.15804   8.44365
22.2672 -0.267428   1.08364   8.37656
22.2746 -0.341168   1.08096   8.36269
22.2818 -0.317267    1.1051   8.41018
22.2888 -0.342345   1.29409    8.3054
22.2957 -0.347308   1.29458   8.42862
22.3026 -0.313391   1.17597   8.38269
22.3093 -0.421075   1.19837   8.43435
22.316 -0.465807   1.15817   8.28809
22.3227 -0.422627    1.2824   8.11257
22.3294 -0.362097   1.35314    8.1219
22.3362 -0.415947   1.31366   8.21512
22.3431 -0.431099    1.3956   7.82159
22.3498 -0.386303    1.2458   8.10967
22.3567 -0.481687    1.3063   7.82052
22.3635 -0.505695   1.20868   7.86447
22.3704 -0.465581   1.27717   7.84745
22.3774 -0.470656    1.2743   7.38808
22.3846 -0.367948   1.35168   7.12222
22.3918 -0.344342   1.24835   7.30689
22.3991 -0.408321   1.31445    6.8692
22.4066 -0.409561   1.24772   6.81282
22.4142 -0.474921   1.25959   6.43509
22.422 -0.582679   1.12817   6.21941
22.43 -0.438206   1.06403   5.80348
22.4383 -0.436463   1.01553   5.13537
22.447 -0.401932  0.923451   4.74247
22.4561 -0.303268  0.935448   3.78434
22.466 -0.307357  0.755769   3.40724
22.4714 -0.0955159   0.749657    3.08782
22.4771 0.0518667  0.678107   2.14326
22.4835 0.0609757  0.576667   1.32688
22.491 0.348687 0.261467 0.542947
22.5016   0.670502 -0.0526042  -0.762174
22.5143  0.892518 -0.271986   -1.4966
22.5226  0.883451 -0.384352  -2.28579
22.5296  0.626189 -0.508823  -2.77128
22.5359  0.782748 -0.474648  -3.21949
22.5418  0.600466 -0.510898  -3.45186
22.5474  0.469522 -0.463425   -4.4653
22.5528  0.573959 -0.493572  -4.64364
22.5581  0.534639 -0.488285  -5.21998
22.5632 0.520945 -0.59336 -5.09118
22.5729  0.471337 -0.655992   -5.6827
22.5822  0.509636 -0.857961  -5.86097
22.591  0.510794 -0.855288  -6.12328
22.5994   0.50905 -0.945111  -6.25612
22.6078   0.48399 -0.964474  -6.50631
22.6159  0.517378 -0.929375   -6.6028
22.6239 0.532861 -1.04985 -6.90586
22.6316 0.563385 -1.04621  -7.2489
22.6389 0.629007 -1.05627 -7.67557
22.6461 0.798309 -1.06643 -7.88101
22.6531 0.876532 -1.06164 -8.05783
22.66 0.906834 -1.02832 -8.45319
22.6666 0.964593 -1.03612 -8.55063
22.6732   1.06805 -0.963728  -8.76423
22.6797  1.03172  -1.1316 -8.89124
22.6862 0.919339 -1.29723 -8.94402
22.6925 0.991389 -1.24051 -8.83422
22.6988  0.92067 -1.31143 -9.05988
22.7052 0.867794 -1.43042 -9.12926
22.7115 0.751769 -1.50573 -8.94438
22.7179 0.730306 -1.42099  -8.9102
22.7244 0.755551 -1.48319 -8.82337
22.731 0.718509 -1.54308 -8.73862
22.7378 0.711797 -1.33642 -8.41735
22.7449  0.70713 -1.32204 -8.24916
22.7523 0.723007 -1.16922 -7.78418
22.7601  0.61508  -1.0516 -7.56431
22.7683  0.545796 -0.867875  -7.37802
22.777  0.471579 -0.654659  -7.03194
22.7864  0.424116 -0.627727   -6.5357
22.7961  0.403323 -0.797923  -6.20469
22.8063  0.326908 -0.815706   -6.1723
22.8116  0.349295 -0.769625  -6.00394
22.817  0.346684 -0.723851  -5.67379
22.8226  0.393162 -0.753562  -5.26757
22.8285  0.313848 -0.740205  -5.29749
22.8344  0.460488 -0.564501  -4.84531
22.8406  0.359652 -0.666969   -4.5792
22.8471  0.250395 -0.563726  -4.10663
22.8541 0.181128 -0.47495 -3.47423
22.8617 0.0507156 -0.407188  -3.14381
22.87 0.0500278 -0.430678  -2.47857
22.8801 -0.0237829  -0.339233   -1.67458
22.8949 -0.0684033  0.0670585  0.0318273
22.9398 -0.200787  0.292949   1.40782
22.9578 -0.120874  0.390083   2.12066
22.971 -0.162946   0.30221   2.77495
22.9815 0.0909341  0.440175   3.49651
22.9901 0.143707 0.495821  4.40535
22.9975 -0.0439999   0.442898    5.01554
23.0041 -0.0547044   0.611469    5.60886
23.0102 -0.0729957   0.628698    6.25413
23.0158 -0.224667  0.593494   6.42262
23.0212 -0.296446    0.6774    7.2168
23.0262 -0.342764   0.73107   7.57578
23.0355 -0.491631  0.713341   8.14854
23.0443 -0.518906  0.733233    8.6069
23.0525 -0.469124  0.768664   9.17185
23.0602 -0.499328  0.987715   9.72203
23.0676 -0.526814   1.08063   9.89157
23.0746 -0.497228   1.11334    10.201
23.0813 -0.533477   1.31233   10.2009
23.0878 -0.638224   1.41698   10.1148
23.0941 -0.506778   1.25939   10.1947
23.1003 -0.58383  1.45219  10.2855
23.1063 -0.665602   1.45893   9.97434
23.1124 -0.617013   1.41165   10.1482
23.1184 -0.654459   1.28299   10.0667
23.1244 -0.661488   1.26701   9.77047
23.1305 -0.629789   1.29091   9.62984
23.1367 -0.681957   1.09241   9.51098
23.143 -0.691198   1.20824   9.21073
23.1494 -0.78282  1.01949  9.28527
23.1558 -0.813822   1.13699   8.80433
23.1624 -0.842554   1.12256   8.77479
23.1688 -0.815336   1.22172    8.4812
23.1755 -0.947647    1.2489   8.15514
23.1823 -0.882213   1.36769   7.95101
23.1891 -0.868901   1.39009    7.7358
23.196 -0.882896   1.30055   7.15687
23.2031 -0.857149   1.31006    7.0439
23.2104 -0.838532   1.27192   6.81756
23.2179 -0.682797   1.15012   6.39205
23.2257 -0.61737  1.08175  5.50441
23.2339 -0.544106  0.924809   4.98541
23.2427 -0.362503   0.88421   4.34715
23.2524 -0.233245  0.918648    3.9079
23.2575 -0.229241  0.774219   3.35173
23.2633 -0.170445  0.659775    2.4565
23.2694 -0.0260351   0.672897    1.71929
23.2765 -0.0297811   0.517229    1.01279
23.2853 0.0829896   0.23374 -0.315596
23.3074  0.142144 0.0230736  -1.18849
23.3275  0.149691 0.0537093  -1.87629
23.3402    0.169208 -0.00285433    -2.01123
23.3506  0.242003 -0.167728  -2.37226
23.3596  0.364342 -0.108689  -2.48091
23.3678   0.328586 -0.0249279   -2.75101
23.3756  0.427907 -0.198523  -2.70144
23.383   0.668142 -0.0308153    -2.8537
23.39   0.53402 -0.148204  -3.40833
23.3967 0.493562 -0.26912 -3.53619
23.403  0.412513 -0.201792   -4.1345
23.4091  0.519543 -0.208573   -4.4488
23.4148  0.567658 -0.237905   -4.8425
23.4201  0.527948 -0.156538  -5.53112
23.4253  0.693521 -0.268151  -5.79872
23.4348  0.828806 -0.317656  -6.65285
23.4434   1.07028 -0.377564  -7.49252
23.4513    1.2661 -0.587215  -7.91527
23.4585   1.45815 -0.667136  -8.56367
23.4653   1.6067  -1.0866 -8.45173
23.4718  1.83395 -1.02197 -8.66397
23.4779  1.70884 -1.22559 -9.07482
23.484    1.9042 -0.949925  -9.19644
23.4899   1.5719 -1.07107 -9.70753
23.4958   1.67063 -0.990058  -9.56901
23.5018    1.5469 -0.859301  -9.28367
23.508   1.36627 -0.684208  -9.37948
23.5142   1.26905 -0.579796  -9.06097
23.5204    1.0343 -0.594058  -9.34633
23.5268  0.812262 -0.489159  -9.37601
23.5333  0.890827 -0.593583  -8.96604
23.5399  0.817877 -0.583914  -8.86612
23.5466   0.86272 -0.536137  -8.71048
23.5534  0.928987 -0.446456  -8.64037
23.5604  0.968549 -0.445909  -8.66938
23.5674    1.2365 -0.346955  -8.28708
23.5744   1.29621 -0.309659  -8.29971
23.5816   1.34307 -0.246034  -8.29298
23.5889   1.43378 -0.219413  -7.91387
23.5963    1.44398 -0.0666623   -7.82285
23.6039    1.49404 0.00365114   -7.24885
23.6117   1.39167 -0.101244  -7.14232
23.6198   1.40217 -0.191849  -6.48986
23.6283   1.23216 -0.365618  -6.21631
23.6373   1.05701 -0.513594  -5.92846
23.6469   1.07165 -0.700221  -5.39689
23.652  0.833542 -0.695705  -5.28806
23.6572  0.722849 -0.833752  -4.99502
23.6628  0.544569 -0.888344  -4.64801
23.6687  0.441182 -0.871342  -4.21518
23.675  0.403483 -0.686499  -3.54518
23.6821  0.199467 -0.547275  -3.12388
23.69  0.155159 -0.519229  -2.42999
23.6997 -0.0793685  -0.241903   -1.89155
23.7124 -0.143907 -0.155373 -0.994047
23.7339 -0.070909  -0.18172  0.481938
23.7671  0.0185736 -0.0583934    1.38524
