1 27.861713000 27.875632999 -1.85445 -1.80665  1.71903
2 27.875632999 27.890056000 -1.92073 -1.91773  1.63613
3 27.890056999 27.905633999 -1.84046 -2.02988  1.57535
4 27.905633999 27.924544000 -1.39093 -1.91883  1.62387
5 27.924545000 27.950710999 -0.130569  -1.83089   1.80408
6 27.950710999 27.973772000  1.15167 -1.77636  1.84495
7 27.973772000 27.993576000  1.33352 -1.99465  1.92374
8 27.993576000 28.014282999  1.12207 -1.97622  2.29484
9 28.014282999 28.037170999   1.0721 -1.62712  2.76468
10 28.037170999 28.058258999    1.5175 -0.810532   2.41424
11 28.058260000 28.074502999    2.1026 -0.392645    1.7045
12 28.074503999 28.088560000   2.37908 -0.370289   1.22913
13 28.088560000 28.101612999  2.44094 -0.49972  1.00284
14 28.101613999 28.114600999   2.28201 -0.139108  0.479107
15 28.114600999 28.127561999   2.18911  0.423848 0.0775546
16 28.127563000 28.139788000   2.14868   1.21091 -0.547354
17 28.139788000 28.150693000  2.20724  1.87793 -1.15691
18 28.150694000 28.160431000  2.34214  2.32319 -1.61775
19 28.160431000 28.169566999  2.50417  2.49379 -2.01036
20 28.169567999 28.178167000   2.5943  2.58023 -2.41001
21 28.178167999 28.186368000  2.68987  2.59966 -2.62634
22 28.186368000 28.194268000  2.84908  2.53057 -2.79317
23 28.194268000 28.202131999  2.93223  2.28125 -2.87241
24 28.202131999 28.209963000   2.9582  2.06363 -2.95613
25 28.209963999 28.217908000 2.83059 1.94693 -3.1334
26 28.217908999 28.225984000  2.66935  2.05666 -3.40512
27 28.225984000 28.233981999  2.46954   2.3691 -3.70782
28 28.233981999 28.241866000  2.19756  2.65399 -3.97627
29 28.241866000 28.249535000   2.0277  2.82554 -4.03888
30 28.249535000 28.257235999  1.75957  2.93647 -4.24142
31 28.257235999 28.264941999 1.60101 2.93876 -4.4284
32 28.264941999 28.272758000  1.59923  2.78593 -4.31179
33 28.272758999 28.280796000 1.64317 2.51267 -4.1889
34 28.280796999 28.289009999  1.68261  2.24688 -3.93941
35 28.289009999 28.297262000  1.70363  2.05472 -3.60675
36 28.297262000 28.305377999  1.63704  2.07337 -3.50122
37 28.305377999 28.313374000  1.64761   2.1587 -3.13248
38 28.313374999 28.321260000  1.57726  2.20923 -2.88652
39 28.321260000 28.329424999  1.33813  2.19065 -3.03556
40 28.329424999 28.337858000  1.13183  2.02358 -3.08366
41 28.337859000 28.346856000  0.90022  1.81854 -3.02977
42 28.346856999 28.356368999  0.64972  1.74764 -2.75257
43 28.356368999 28.365867000 0.343747  1.82633    -2.86
44 28.365867000 28.374957000 0.0409375    1.9682  -3.05504
45 28.374957000 28.383754000 -0.265667   2.04281  -3.34766
46 28.383754000 28.392564999 -0.439576   1.89988   -3.5472
47 28.392564999 28.401642000 -0.397448   1.73726  -3.91329
48 28.401642000 28.411292999 -0.105561   1.43082  -4.08446
49 28.411292999 28.421651000 0.412221  1.07268 -4.16849
50 28.421651000 28.432191999 0.817845  0.82789 -3.95716
51 28.432192999 28.442762999  1.09099 0.659355 -3.73065
52 28.442762999 28.453616000  1.00953 0.448839 -3.88211
53 28.453616000 28.464838999  0.620507 -0.125538  -3.98048
54 28.464838999 28.474989999  0.121023 -0.877752  -4.16449
55 28.474989999 28.483814000 -0.225468   -1.3216  -4.44775
56 28.483814000 28.491936999 -0.516613  -1.57047   -4.2882
57 28.491936999 28.499943999 -0.724387   -1.5729   -4.1156
58 28.499943999 28.508129000 -0.772958  -1.42882  -3.83821
59 28.508129000 28.516628000 -0.780765   -1.3012  -3.53033
60 28.516628000 28.525351999 -0.540557  -1.29192  -3.46165
61 28.525356000 28.534350000 -0.263192  -1.41989  -3.23278
62 28.534350000 28.543365000 -0.0243447   -1.52603   -3.07465
63 28.543365000 28.552477000 0.0909119  -1.60873   -2.8692
64 28.552477000 28.561593000 0.156823 -1.64033 -2.73131
65 28.561593000 28.570965999 0.0485848  -1.62679  -2.47976
66 28.570965999 28.580753000 -0.172604  -1.54118  -2.29589
67 28.580753999 28.590721999 -0.361263  -1.49954  -2.04659
68 28.590721999 28.600380999 -0.347561  -1.67724  -1.90008
69 28.600380999 28.609892000 -0.269201  -1.82861  -1.64129
70 28.609892000 28.619602999 -0.105095  -1.89266  -1.25346
71 28.619604000 28.629860999  0.142767  -1.90504 -0.763484
72 28.629860999 28.640694000  0.469546  -1.89475 -0.265816
73 28.640694000 28.652321999 0.473455 -1.85067 0.813272
74 28.652321999 28.664571000  0.41201 -1.76357  1.31483
75 28.664574000 28.677364000 0.294273 -1.65867   1.7224
76 28.677364000 28.689925999 0.256781 -1.71212  2.02365
77 28.689925999 28.701830999 0.405707 -1.84602   2.6041
78 28.701830999 28.712983999 0.592178 -2.03224  3.34175
79 28.712985000 28.723210999 0.739689 -2.14939  4.40926
80 28.723210999 28.732728000 0.783669 -2.25101  5.34689
81 28.732728000 28.741682000 0.797888 -2.41723  6.19351
82 28.741682000 28.750269000 0.715726 -2.49149  7.04438
83 28.750269999 28.758644000 0.653093 -2.45792  7.89748
84 28.758644000 28.766781999  0.56462 -2.39402  8.41976
85 28.766783000 28.774663000 0.449709 -2.36753  8.93254
86 28.774663000 28.782476000 0.324034 -2.32052  9.21221
87 28.782476000 28.790137999 0.168715 -2.11544  9.45811
88 28.790137999 28.797710000 0.0408755  -1.99854   9.42281
89 28.797710000 28.805449000 0.00145611   -1.76584    9.16707
90 28.805449000 28.813535000 0.034439 -1.64251  8.80243
91 28.813535000 28.821947999 0.132416 -1.64976   8.3338
92 28.821947999 28.830713000 0.314283 -1.72656  7.69272
93 28.830713000 28.839904000 0.498616 -1.71686  7.33158
94 28.839904000 28.849257000 0.632812 -1.58282  6.88897
95 28.849257000 28.858977999 0.623816 -1.30382  6.63909
96 28.858977999 28.868875000  0.448722 -0.860497     6.539
97 28.868875000 28.878922999  0.280146 -0.492169   6.19469
98 28.878922999 28.889307000 0.193049 -0.30299  5.68394
99 28.889307000 28.900033999  0.162148 -0.169065   5.20811
100 28.900033999 28.911929999  0.203653 -0.120713   4.46914
101 28.911929999 28.925834999 0.218889 -0.16012  3.57305
102 28.925837999 28.942548000  0.194185 -0.281824   2.88901
103 28.942548000 28.963543000 -0.0222917  -0.126391    2.10498
104 28.963543999 28.998947000 -0.134622 0.0655398  0.942228
105 28.998947999 29.035254999 -0.248145  0.508456 -0.754203
106 29.035254999 29.054742000 -0.180799  0.770027  -2.53748
107 29.054742000 29.069211000 -0.19142 0.720078 -3.78247
108 29.069211999 29.081833000 -0.23915 0.744898 -4.66751
109 29.081833000 29.093467000 -0.252861  0.817293  -5.19657
110 29.093467000 29.104267999 -0.310082   1.07977  -5.72276
111 29.104267999 29.114462000 -0.390359   1.23995  -6.17567
112 29.114462000 29.124315999 -0.38861  1.42121 -6.49974
113 29.124315999 29.133814999 -0.396243   1.67078  -6.83569
114 29.133814999 29.142861000 -0.362997    1.8947   -7.1919
115 29.142861999 29.151712000 -0.203777   2.14571  -7.55871
116 29.151712000 29.160361000 0.00201038     2.2839   -7.88154
117 29.160361000 29.168821000 0.225777  2.38914 -8.00867
118 29.168821000 29.177181000 0.476343  2.50038  -8.0928
119 29.177182000 29.185298999 0.623406  2.55741 -8.16153
120 29.185298999 29.193139000 0.758685  2.50993 -8.05783
121 29.193139999 29.200980999 0.847903  2.52965 -7.81814
122 29.200980999 29.208666999 0.970904  2.64222 -7.37132
123 29.208666999 29.216397999 0.988539  2.71528  -7.1479
124 29.216399000 29.224068999 1.09688 2.88261 -6.6211
125 29.224068999 29.231796000  1.10499  2.93246 -6.25794
126 29.231796000 29.239476000  1.19962  3.01352 -5.67653
127 29.239476000 29.247058000  1.20009  3.08047 -5.11997
128 29.247058000 29.254569000  1.27142  3.05286 -4.53701
129 29.254570000 29.262061999  1.37966  2.96923 -3.90343
130 29.262062999 29.269707000  1.51871  2.74293 -3.31316
131 29.269707000 29.277523999 1.72768 2.38442 -2.5901
132 29.277523999 29.285460999  1.98808  1.86804 -1.90897
133 29.285460999 29.293376999  2.24188  1.47132 -1.37163
134 29.293376999 29.301169999   2.3955  1.14296 -0.78559
135 29.301169999 29.308908999    2.5185  0.952682 -0.202172
136 29.308908999 29.316543999   2.5363 0.822306 0.389595
137 29.316544999 29.324317999  2.47011  0.82249 0.660559
138 29.324317999 29.332303000  2.37764 0.698157  1.15532
139 29.332303000 29.340471999  2.25412 0.646072  1.48111
140 29.340473000 29.348967000   2.1597 0.644141  1.86979
141 29.348967999 29.357629999  2.10728 0.626005  2.26134
142 29.357629999 29.366474000  2.01162 0.604612  2.52489
143 29.366474000 29.375714999  1.91338 0.586576  2.76899
144 29.375714999 29.385589000 1.78933 0.35755 3.00015
145 29.385589999 29.396079999  1.62663 0.221218  3.24341
146 29.396079999 29.407191000  1.4445 0.15899 3.40647
147 29.407191000 29.418692999  1.37069 0.215273  3.41361
148 29.418694000 29.430520999  1.26639 0.117041  3.42505
149 29.430520999 29.443044999    1.13529 -0.0432756    3.40387
150 29.443044999 29.456738999  0.932436 -0.109593   3.26195
151 29.456740000 29.471352000  0.750579 -0.354497   3.20168
152 29.471352999 29.485669999  0.677969 -0.734987   3.22127
153 29.485669999 29.499222999  0.637805 -0.889929   3.60003
154 29.499223999 29.512146000  0.430474 -0.736375   4.29584
155 29.512146000 29.524548000 -0.117478 -0.510065   4.79201
156 29.524548000 29.535826999 -0.837267 -0.367959   4.89936
157 29.535826999 29.546027999  -1.47634 -0.291349    4.8889
158 29.546027999 29.555151000 -2.03804 -0.42957  4.68371
159 29.555151000 29.563617999  -2.39993 -0.516525     4.651
160 29.563617999 29.571533999   -2.6241 -0.640199   4.73888
161 29.571533999 29.579101000  -2.81338 -0.580377   4.79845
162 29.579101000 29.586516000  -3.00086 -0.412292   4.77088
163 29.586519000 29.593614999   -3.11875 -0.0952822     4.9901
164 29.593614999 29.600399999 -3.35497 0.249587  4.63412
165 29.600399999 29.607038000 -3.55196 0.495242  4.50404
166 29.607038000 29.613419999 -3.76789 0.696917  4.06683
167 29.613419999 29.619762999 -3.90817 0.710715  3.68721
168 29.619762999 29.626206999 -3.84066 0.661681  3.43423
169 29.626206999 29.632753000 -3.67629 0.662828  3.07336
170 29.632753999 29.639495000 -3.48935   0.6392  2.72382
171 29.639495000 29.646436000 -3.34837 0.560625  2.49993
172 29.646436000 29.653654999  -3.2157 0.519187  2.21148
173 29.653654999 29.660949000  -3.2293 0.407751  1.89455
174 29.660949000 29.668227999 -3.33459 0.366976  1.57411
175 29.668227999 29.675297999 -3.56238 0.341595  1.19747
176 29.675299000 29.682164999 -3.86574 0.211928  0.67709
177 29.682164999 29.688963000 -4.07716 0.300266 0.180263
178 29.688963999 29.695804000 -4.17597 0.314914 -0.22081
179 29.695804000 29.702680999  -4.16718  0.494314 -0.730485
180 29.702682000 29.709932999 -3.97019 0.674344 -1.19446
181 29.709932999 29.717685000 -3.65386 0.682784 -1.45507
182 29.717685000 29.726238999 -3.29216 0.722769 -1.64871
183 29.726238999 29.736004999  -2.8483 0.765165 -1.84222
184 29.736006000 29.747111000 -2.40773 0.845108 -2.03816
185 29.747111000 29.759371999 -2.07569 0.963398 -2.27161
186 29.759371999 29.772252000 -2.06414  1.02053 -2.66372
187 29.772252999 29.785625000 -2.12909  1.04819   -3.094
188 29.785625000 29.800026000  -2.0213  1.11578 -3.31919
189 29.800027999 29.816534000 -1.78174   1.2108 -3.31126
190 29.816534000 29.836534999 -1.10031  1.65872 -3.28322
191 29.836536000 29.856090000 -0.321178   2.21517  -3.42283
192 29.856090999 29.874383000 0.165357  2.33215 -3.56501
193 29.874383000 29.891691999 0.200887   2.4126 -3.59617
194 29.891691999 29.908892000 0.299743  2.36337 -3.42035
195 29.908892000 29.924875999 0.595169   2.3845 -3.14408
196 29.924877999 29.938745000  1.07848  2.48928 -2.98935
197 29.938746000 29.950927999  1.47222  2.49614 -2.78628
198 29.950927999 29.962256000  1.62362  2.43892 -2.57121
199 29.962256000 29.972659999   1.7007  2.50448 -2.34353
200 29.972661000 29.982306999  1.72848  2.70717 -2.05182
201 29.982306999 29.991219999  1.74428  2.90154 -1.76448
202 29.991219999 29.999752999   1.8052   2.8485 -1.53351
203 29.999752999 30.008189999  1.93118  2.58955 -1.33665
204 30.008189999 30.016561000  1.98991  2.32786 -1.24887
205 30.016561000 30.024954000  2.03072  2.04153 -1.28152
206 30.024954999 30.033296999  2.11298  1.76634 -1.35128
207 30.033298000 30.041564999  2.12893  1.59414 -1.40295
208 30.041564999 30.049691000  2.15107  1.62638 -1.56694
209 30.049691999 30.057504999  2.29365  1.59529 -1.66686
210 30.057504999 30.064973999  2.50427  1.52384 -1.71528
211 30.064973999 30.072079999 2.69346 1.44686 -1.8507
212 30.072079999 30.078997999  2.87296  1.37191 -1.76826
213 30.078999000 30.085723999 2.95917 1.33426   -1.81
214 30.085723999 30.092385999 3.01169 1.29626 -1.7405
215 30.092385999 30.099024999  3.02445  1.26413 -1.54127
216 30.099024999 30.105681000  2.96504  1.15155 -1.27507
217 30.105681000 30.112424000  2.91247 0.837066 -1.07663
218 30.112424000 30.119430000   2.83718  0.473427 -0.663438
219 30.119430000 30.126516999   2.81509   0.20014 -0.425333
220 30.126516999 30.133645999    2.81558  0.0379722 -0.0602764
221 30.133645999 30.140708000    2.88955 0.00228315   0.197222
222 30.140708000 30.147603000     2.9999 -0.0715078   0.537027
223 30.147603000 30.154640999   3.02148 -0.160366  0.789257
224 30.154642000 30.161858999   2.92787 -0.271457   1.14668
225 30.161860000 30.169257000   2.79169 -0.318738   1.26275
226 30.169257999 30.176968000   2.72135 -0.356742   1.61539
227 30.176968999 30.184893000   2.55743 -0.263824   1.98852
228 30.184893000 30.193142000   2.47083 -0.167201   2.35909
229 30.193142999 30.201694999   2.34945 -0.214583   2.85933
230 30.201694999 30.210343000  2.28935 -0.34063   3.1698
231 30.210343000 30.218910000   2.36469 -0.644726   3.73695
232 30.218910999 30.227539999   2.32462 -0.906869   4.28287
233 30.227539999 30.236319999   2.1347 -1.17342  4.82442
234 30.236319999 30.245322000  1.72478 -1.27518  5.53045
235 30.245322999 30.254339999 1.27462 -1.3291 6.14404
236 30.254341000 30.263204999 0.814875 -1.31531  6.59751
237 30.263204999 30.271903000 0.349512 -1.32851  6.98628
238 30.271903000 30.280354000 -0.0173828   -1.30595    7.30955
239 30.280354000 30.288547999 -0.30767 -1.33142  7.44849
240 30.288547999 30.296655000 -0.434173  -1.34941   7.61532
241 30.296655000 30.304594999 -0.51411 -1.38161  7.63027
242 30.304594999 30.312559999 -0.613839  -1.39599    7.7471
243 30.312559999 30.320458000 -0.779835  -1.38606   7.72196
244 30.320458000 30.328408000 -1.02571 -1.35514  7.67001
245 30.328408999 30.336511999 -1.32687  -1.2575  7.47656
246 30.336511999 30.344723000 -1.67795 -1.01208  7.31966
247 30.344723999 30.353070000   -1.9968 -0.685188   6.98483
248 30.353070000 30.361349000 -2.25545 -0.22389  6.48683
249 30.361349000 30.369812000  -2.3136 0.169302  5.94193
250 30.369812000 30.378751999 -2.20386 0.411104  5.25655
251 30.378751999 30.388178999 -1.95349 0.610938  4.57725
252 30.388179999 30.397826999 -1.82889 0.713143  3.81091
253 30.397826999 30.407670999 -1.83027 0.788935  3.00587
254 30.407670999 30.417120000 -2.02673 0.874708  2.20813
255 30.417120000 30.425792000 -2.38659  1.04562  1.40279
256 30.425792000 30.433962000 -2.78688  1.16596 0.529932
257 30.433962000 30.441805000  -2.91735   1.23933 -0.131192
258 30.441805000 30.449683999   -2.9228   1.29505 -0.604908
259 30.449683999 30.457694000 -2.76735  1.41431  -1.0079
260 30.457694000 30.466126999 -2.55601  1.50136  -1.3757
261 30.466126999 30.474902999 -2.25718  1.68946 -1.77078
262 30.474902999 30.484084999 -2.02025  1.84966 -2.14154
263 30.484084999 30.493794000 -1.81797  1.89586   -2.452
264 30.493794000 30.504262000 -1.69404  1.71241 -2.95372
265 30.504262000 30.515633999 -1.71169  1.55528  -3.6322
266 30.515633999 30.525767999 -1.98867  1.59451 -4.15655
267 30.525769000 30.535656999  -2.0744  1.70841 -4.84678
268 30.535657999 30.545659999  -2.0053  1.76825 -5.35455
269 30.545659999 30.556029999 -1.71076  1.83518 -5.94766
270 30.556031000 30.566802999 -1.14346  1.85737 -6.23699
271 30.566802999 30.577874000 -0.508985   1.94078  -6.38021
272 30.577874999 30.588779000 0.01593 2.08825  -6.296
273 30.588779999 30.599535999 0.164495  2.23182 -6.17994
274 30.599536999 30.610286000 0.148895  2.30547 -6.05567
275 30.610286000 30.620955999 0.0579103   2.34904  -5.94438
276 30.620955999 30.631582000 0.0445307   2.36317  -5.82458
277 30.631582000 30.642189999 0.187524  2.31563 -5.46412
278 30.642191000 30.652639999 0.412657  2.23102 -5.05097
279 30.652641000 30.662891000 0.634559  2.10595 -4.70901
280 30.662891999 30.673089000  0.91979  1.95297 -4.16875
281 30.673089000 30.682974999   1.1508  1.94567 -3.68137
282 30.682974999 30.692148999  1.45312  2.16668 -2.95626
283 30.692149999 30.700448000  1.78095  2.37934 -2.48983
284 30.700448000 30.708052999  2.11766  2.53548 -1.76306
285 30.708052999 30.715214999   2.3483  2.62728 -1.30777
286 30.715214999 30.722165000   2.43958   2.62948 -0.798483
287 30.722165000 30.729101999     2.459   2.51577 -0.377506
288 30.729101999 30.736232999   2.37488   2.22636 -0.034328
289 30.736232999 30.743616999  2.32737  1.88263 0.322086
290 30.743616999 30.751150000  2.27757  1.50403 0.641599
291 30.751150000 30.758754999   2.2808  1.32244 0.817836
292 30.758755999 30.766243999  2.36336  1.29637 0.994556
293 30.766243999 30.773589999   2.478 1.21081 1.39835
294 30.773591000 30.780843000 2.59218 1.06026 1.57459
295 30.780844000 30.787964000  2.70361 0.859959  2.11808
296 30.787964000 30.795065000  2.70608 0.789614  2.49599
297 30.795065000 30.802201000  2.78798 0.688214  2.78444
298 30.802201000 30.809291999  2.76824 0.747646  3.06256
299 30.809291999 30.816439000 2.70792  0.8415 3.40515
300 30.816439000 30.823762999 2.62031 0.88823 3.59452
301 30.823764000 30.831330999  2.43901 0.965625  3.60528
302 30.831330999 30.839372000  2.31942 0.690074  3.59912
303 30.839372000 30.848080000  2.13765 0.321492  3.75598
304 30.848080000 30.857232000   1.94946 -0.324542    4.0024
305 30.857232000 30.866567999   1.76181 -0.842852    4.2846
306 30.866567999 30.875982999   1.54905 -0.961751    4.8086
307 30.875982999 30.885547000    1.2855 -0.904823   5.30405
308 30.885547000 30.895163000  1.06546 -0.84972  5.71886
309 30.895163000 30.904741999  0.900399 -0.866653   6.03506
310 30.904746000 30.914318000  0.713868 -0.802357   6.25756
311 30.914318999 30.924125000  0.454341 -0.496225   6.28818
312 30.924125000 30.934361000  0.133704 -0.100208   6.06724
313 30.934361000 30.944504999 -0.236634  0.179749   5.75947
314 30.944504999 30.954497000 -0.519116  0.044552   5.53037
315 30.954497999 30.964376000  -0.641514 -0.0333407     5.3985
316 30.964376000 30.974110999  -0.690149 -0.0304629    5.36323
317 30.974111999 30.983724000 -0.710654  0.221628   5.21907
318 30.983724000 30.993465999 -0.705114  0.565866   4.75772
319 30.993465999 31.003416999 -0.678405  0.814565    4.0279
320 31.003416999 31.014068000 -0.553351  0.940488    3.0248
321 31.014068000 31.026769999 -0.242616  0.938764   1.74809
322 31.026769999 31.044035999 0.0352028  0.829441  0.189908
323 31.044040999 31.065564000 -0.282791  0.509309  -1.39502
324 31.065566000 31.080770000   -0.761869 -0.00193255    -2.61585
325 31.080770000 31.092885999 -1.06031 0.100303 -3.35797
326 31.092885999 31.103647999 -1.27891 0.268891 -3.84041
327 31.103649000 31.113514999 -1.51169 0.313229  -4.1762
328 31.113514999 31.122560999 -1.85789 0.266624 -4.40863
329 31.122560999 31.130996000  -2.12784 0.0701618  -4.42713
330 31.130996000 31.138840999   -2.4724 -0.198169  -4.22796
331 31.138840999 31.146235000  -2.76729 -0.393746  -4.06975
332 31.146235000 31.153156999  -3.09818 -0.601961  -3.92092
333 31.153156999 31.159683999  -3.46914 -0.551435  -3.73558
334 31.159683999 31.165812000  -3.80854 -0.598324  -3.92632
335 31.165812000 31.171781000   -4.1921 -0.605504  -3.76903
336 31.171781000 31.177624000  -4.48452 -0.464106  -3.63819
337 31.177624000 31.183261000  -4.69754 -0.356237  -3.60847
338 31.183261999 31.188805000  -4.85052 -0.306848  -3.48813
339 31.188805000 31.194358999    -4.841 -0.246758  -3.38607
340 31.194360000 31.199919999  -4.79065 -0.227589   -3.3055
341 31.199919999 31.205631000   -4.5243 -0.194323  -3.02636
342 31.205631000 31.211742000  -4.20584 -0.104171  -2.71749
343 31.211742000 31.218543000  -3.64802 -0.042332  -2.50789
344 31.218544000 31.226615999   -2.88422 -0.0200921   -2.14375
345 31.226617000 31.237045999  -1.92372 -0.199186  -1.78094
346 31.237045999 31.250221000  -1.30489 -0.527956  -1.42754
347 31.250221000 31.262826000   -1.3537 -0.904505  -1.05765
348 31.262827000 31.273859999  -1.81615  -1.03631 -0.761314
349 31.273859999 31.283754000  -2.37157 -0.963628 -0.564576
350 31.283754000 31.293177999  -2.74613 -0.935271 -0.343823
351 31.293179000 31.302781000   -2.74469  -0.983218 -0.0648938
352 31.302781000 31.313650000 -2.40481 -1.01877 0.191182
353 31.313650999 31.328118999  -1.59374 -0.887929  0.385128
354 31.328118999 31.361544999   0.23511 -0.621159   0.87898
355 31.361544999 31.379144000   1.40193 -0.406377  0.644723
356 31.379145000 31.393522000   1.78531 -0.358128  0.793482
357 31.393523000 31.406634000    1.9981 -0.220361  0.821104
358 31.406634000 31.418789000    2.17084 -0.0737656     1.1007
359 31.418790000 31.429675000  2.42269 0.151778  1.30674
360 31.429675000 31.439309999  2.73502 0.267849  1.26498
361 31.439311000 31.447923000  3.08923 0.273347  1.23125
362 31.447923000 31.455646000  3.49886 0.218827  1.05086
363 31.455646999 31.462599000   3.9421 0.128223 0.958722
364 31.462599000 31.468971000  4.36775 0.060637 0.719488
365 31.468971000 31.474853999   4.81614 0.0248842  0.567107
366 31.474853999 31.480476999    5.15206 -0.0494625   0.528212
367 31.480476999 31.485967000    5.40012 -0.0972808   0.561446
368 31.485967000 31.491418000   5.52935 -0.143377  0.665904
369 31.491418999 31.496839999   5.55428 -0.128499  0.602909
370 31.496839999 31.502352999    5.45096 -0.0922888   0.659828
371 31.502354000 31.508015999    5.24937 -0.0581602   0.612932
372 31.508015999 31.513688000   4.94112 0.0271386  0.520692
373 31.513688000 31.519621999   4.56096 0.0347214  0.423214
374 31.519623000 31.525865999   4.12648 0.0694749  0.420479
375 31.525865999 31.532626999   3.66584 0.0794475  0.253445
376 31.532626999 31.539846000   3.34003 0.0673569  0.107948
377 31.539846000 31.547313000   3.18142 0.0257367  0.107479
378 31.547313000 31.554907999     3.14592 -0.00479256    0.175729
379 31.554909000 31.562584000    3.15866 -0.0391652   0.285311
380 31.562584000 31.570447999    3.13938 -0.0624046    0.36097
381 31.570447999 31.578639000   3.08999 -0.080018   0.48181
382 31.578639000 31.587411999   2.96256 -0.124349  0.502075
383 31.587412999 31.597084999   2.66092 -0.170217  0.560646
384 31.597086000 31.608823000    2.0852 -0.176951  0.458507
385 31.608823999 31.628446000    1.11518 -0.0724489   0.287423
386 31.628449999 31.662280000 -0.816789  0.159044  0.504079
387 31.662280000 31.673855000  -2.0003 0.533817 0.264838
388 31.673855000 31.682698000 -2.82479 0.735132 0.261523
389 31.682698000 31.690214000 -3.54119 0.809097  0.19728
390 31.690215000 31.696964000 -4.04181 0.844113 0.132196
391 31.696964000 31.703125999 -4.44073 0.805681 0.109435
392 31.703125999 31.708908000  -4.79362  0.590005 0.0556839
393 31.708908999 31.714398000  -5.13958  0.431583 -0.203416
394 31.714398000 31.719754000  -5.25936  0.589922 -0.279874
395 31.719754000 31.724969999  -5.46322  0.508067 -0.430286
396 31.724971000 31.730093000  -5.55266  0.458218 -0.488218
397 31.730093000 31.735165000  -5.69679  0.290087 -0.477992
398 31.735165000 31.740211000  -5.72603  0.344477 -0.595652
399 31.740211000 31.745310999  -5.70875  0.305317 -0.706187
400 31.745310999 31.750475999 -5.73848 0.233201 -0.74283
401 31.750475999 31.755580999  -5.71299  0.175679 -0.801406
402 31.755580999 31.760593999  -5.73994  0.178993 -0.861773
403 31.760593999 31.765729999  -5.6931 0.142412 -0.90206
404 31.765729999 31.770952999 -5.64736 0.198423 -1.10794
405 31.770952999 31.776271000 -5.46346 0.182706 -1.10129
406 31.776271000 31.781818000 -5.31014 0.216328 -1.33463
407 31.781818000 31.787691999 -5.06355 0.226786 -1.48372
408 31.787691999 31.793941000 -4.78383 0.306852 -1.86103
409 31.793941000 31.800698000   -4.416 0.318066 -1.97919
410 31.800698000 31.808174000 -3.91029 0.440759 -2.16376
411 31.808174999 31.816700000 -3.30236 0.426983 -2.34024
412 31.816701000 31.827358000 -2.44644 0.406074 -2.56057
413 31.827358000 31.843071999 -1.43393 0.491289 -2.67134
414 31.843071999 31.865000999 -0.766989  0.524652   -2.5016
415 31.865003000 31.883710999 -1.26926   0.4569 -2.06009
416 31.883710999 31.896750000 -2.05896 0.545198  -1.9285
417 31.896750000 31.909314000 -2.25952  0.55993 -1.86642
418 31.909314999 31.924399000 -1.86672  0.52606 -1.74383
419 31.924399000 31.951754999 0.246867 0.486098  -1.1525
420 31.951756999 31.964412999   2.15069  0.727776 -0.821446
421 31.964412999 31.974915999   2.6534 0.838506 -0.83095
422 31.974915999 31.984498000   2.93438  0.933435 -0.823898
423 31.984498000 31.993487999   3.06141   1.08603 -0.852528
424 31.993487999 32.001978999  3.12943  1.30468 -1.02086
425 32.001980000 32.009925000   3.24645   1.50658 -0.967841
426 32.009925000 32.017487000  3.27368  1.70542 -1.22677
427 32.017487999 32.024765000  3.21629  1.99776 -1.46427
428 32.024765000 32.031888000 3.13884 2.22685 -1.8357
429 32.031888000 32.038822000  3.00664  2.51675 -2.28842
430 32.038822000 32.045613000   2.8887  2.71283 -2.81341
431 32.045613000 32.052424999  2.89569  2.70383 -3.19449
432 32.052424999 32.059161999  2.92076  2.64805 -3.78877
433 32.059161999 32.065837000  2.96973  2.57419 -4.41162
434 32.065837000 32.072420000  3.08141  2.35902 -4.86866
435 32.072420000 32.078876999 3.23422 2.17195  -5.188
436 32.078876999 32.085307999   3.3441  1.97332 -5.53532
437 32.085307999 32.091782000  3.42707  1.71565 -5.87675
438 32.091782000 32.098277999  3.42114  1.55993 -6.13905
439 32.098277999 32.104823000  3.37818  1.38833 -6.13729
440 32.104823000 32.111581999  3.17758   1.2272 -6.35232
441 32.111581999 32.118734999  2.97119  1.05882 -6.05631
442 32.118735999 32.126406000  2.60486 0.923787 -5.80699
443 32.126406000 32.134885000  2.18308  0.75979 -5.23413
444 32.134885000 32.144561999  1.73255 0.507778 -4.62119
445 32.144561999 32.156488999  1.27556 0.300028  -3.4951
446 32.156488999 32.172417000 0.925973 0.202744 -2.08478
447 32.172417000 32.190595999   1.02633  0.132342 -0.553825
448 32.190598000 32.205817000   1.25491 0.0159523  0.088277
449 32.205817000 32.218808999    1.59854 -0.0615402   0.406033
450 32.218808999 32.230937000   1.78179 -0.198775  0.827661
451 32.230937000 32.243794000   1.66788 -0.244026   1.43794
452 32.243794000 32.258687999   1.26676 -0.114577   2.36787
453 32.258687999 32.273476000   0.613039 -0.0864009    3.74974
454 32.273476999 32.285951000  0.134473 0.0198544   4.97487
455 32.285951000 32.296936999 -0.0916372  -0.109055    6.03896
456 32.296936999 32.306882999  -0.20247 -0.361952   6.97797
457 32.306882999 32.316064000 -0.304521 -0.614152   7.82402
458 32.316064000 32.324541000 -0.416674 -0.909136   8.46615
459 32.324541000 32.332498000 -0.41843 -1.16632   8.9665
460 32.332498000 32.340243999 -0.500412  -1.42641    9.2988
461 32.340243999 32.347745000 -0.622252  -1.69647   9.56166
462 32.347745000 32.355023999 -0.730104  -1.98246   9.63252
463 32.355023999 32.362098999 -0.829628  -2.29287   9.54793
464 32.362099999 32.369208999 -0.936557  -2.46084   9.47629
465 32.369208999 32.376316999 -1.02818 -2.56148  9.41554
466 32.376316999 32.383495000 -1.17652  -2.6502  9.20938
467 32.383495000 32.390891999 -1.40105 -2.64416   9.0292
468 32.390892999 32.398550999 -1.55412 -2.58368  8.81209
469 32.398550999 32.406375000 -1.72309 -2.49012  8.45174
470 32.406375000 32.414574000 -1.84924 -2.37142  8.07911
471 32.414574999 32.423202999 -1.83028  -2.1335  7.75971
472 32.423203999 32.432459000 -1.61241 -1.97392  7.16475
473 32.432459000 32.442754999 -1.30138 -1.84203  6.27849
474 32.442754999 32.454905000 -0.811352  -1.58505   5.32631
475 32.454905000 32.469610999 -0.185334  -1.41916   4.28087
476 32.469615000 32.486575999 0.0754009  -1.43382   3.38369
477 32.486578999 32.505926999 -0.186118  -1.27556   2.64156
478 32.505926999 32.524402999 -0.969343  -1.03415   1.82457
479 32.524404000 32.541034000  -1.53178 -0.555587   1.09627
480 32.541034000 32.560293999   -1.39005 0.00941125 -0.0146721
481 32.560298999 32.590733999 -0.503138  0.725379  -1.55864
482 32.590733999 32.609439000 -0.0755112    1.66292   -2.11007
483 32.609439999 32.622455999 -0.114176   2.51259  -2.26727
484 32.622455999 32.632628000 -0.100071   3.42198  -2.43999
485 32.632628000 32.641237000 -0.117632   4.17654  -2.64322
486 32.641238000 32.649090999 -0.0448905    4.69599   -2.83446
487 32.649090999 32.656567999 0.135144  4.86377 -3.00138
488 32.656568999 32.664093999 0.328485  4.65994 -3.18052
489 32.664093999 32.671689999 0.544395  4.44041 -3.43424
490 32.671691000 32.679200000 0.822245  4.31713 -3.81858
491 32.679200000 32.686412000   1.2857  4.38117 -4.00236
492 32.686413000 32.693262000  1.72517  4.52487 -4.23885
493 32.693262000 32.699804999  2.14371  4.67502 -4.43368
494 32.699804999 32.706076000  2.43634  4.72217 -4.52911
495 32.706076000 32.712166000  2.65927  4.75116 -4.70784
496 32.712166000 32.718177000  2.77847  4.76106 -4.85349
497 32.718177000 32.724066999  2.93488  4.52649 -4.77799
498 32.724066999 32.730023999   3.0137  4.29713 -4.76152
499 32.730023999 32.736111000  2.98887  4.08476 -4.67473
500 32.736111999 32.742242000  2.95306  3.74049 -4.53491
501 32.742242000 32.748395000  2.80998   3.5049 -4.41293
502 32.748395000 32.754659000  2.67269  3.25743 -4.21867
503 32.754659000 32.761006000   2.5049  3.11064 -3.97895
504 32.761006999 32.767476999  2.32239   2.9419 -3.47279
505 32.767478000 32.774033000  2.24014   2.7979 -2.98078
506 32.774033000 32.780720999  2.03293  2.79899 -2.80687
507 32.780720999 32.787531000  1.91678  2.80272 -2.50195
508 32.787531999 32.794493999  1.85533  2.66417 -1.99383
509 32.794493999 32.801714000  1.86097  2.45166 -1.66393
510 32.801714000 32.809134999  1.89569  2.15097 -1.38558
511 32.809134999 32.816788000 1.94194   1.811 -1.0841
512 32.816788000 32.824908999   1.90544   1.54072 -0.904115
513 32.824908999 32.833451000   1.77167   1.41361 -0.501415
514 32.833451000 32.842590999   1.54163   1.37626 -0.217244
515 32.842590999 32.852513000  1.32709  1.24545 0.121473
516 32.852513000 32.864353000  1.10885 0.859685 0.367091
517 32.864353999 32.879626000 0.869835 0.270368 0.864543
518 32.879628000 32.897595000  0.606215 -0.393491   1.38626
519 32.897595000 32.912595000 0.144406 -1.04426  2.07333
520 32.912595000 32.923656000 -0.230179  -1.76278    2.6381
521 32.923656999 32.932492999 -0.519568  -2.39072   3.02845
522 32.932492999 32.940277999 -0.781833  -2.97901   3.29347
523 32.940277999 32.947337000 -1.14098 -3.41523  3.46849
524 32.947337000 32.953875000 -1.43546 -3.80802  3.72342
525 32.953876000 32.960042000 -1.80457 -4.14777  4.00792
526 32.960042000 32.965856999 -2.15465 -4.38967  4.25717
527 32.965856999 32.971532999 -2.55954 -4.55942  4.35885
528 32.971532999 32.977065000 -2.91884 -4.62991  4.34055
529 32.977065000 32.982438999 -3.29314  -4.6831  4.27468
530 32.982438999 32.987780999 -3.65273 -4.71177  4.44014
531 32.987780999 32.993033000 -3.90102 -4.70632  4.47478
532 32.993034000 32.998406999 -4.14998 -4.61862  4.47768
533 32.998406999 33.003750000 -4.41242 -4.60998  4.31984
534 33.003750000 33.009180999 -4.58913 -4.48004  4.16818
535 33.009180999 33.014628000  -4.6562 -4.46363  3.87113
536 33.014628000 33.020189000 -4.74981 -4.34633  3.50609
537 33.020189000 33.025888999 -4.70123 -4.27321  3.24746
538 33.025888999 33.031767000 -4.6064 -4.2173 2.84904
539 33.031767999 33.037832999 -4.45829 -4.13463  2.51159
540 33.037834000 33.044198999 -4.30757 -3.99515  2.08516
541 33.044198999 33.050898000 -4.06259 -3.82101  1.62568
542 33.050898000 33.057994999 -3.83422 -3.61508  1.16081
543 33.057994999 33.065508000 -3.59971 -3.50068 0.624059
544 33.065508000 33.073449000 -3.41519  -3.4194 0.148429
545 33.073449000 33.082072000  -3.21453  -3.27724 -0.384226
546 33.082072000 33.091628999   -2.9436  -3.08826 -0.761393
547 33.091628999 33.102406999 -2.62923 -2.83409 -1.00062
548 33.102406999 33.114752000 -2.26735 -2.54378 -1.05771
549 33.114752000 33.129836000  -1.86406  -2.10344 -0.808371
550 33.129836000 33.148299000  -1.64456   -1.5349 -0.581229
551 33.148299000 33.170104999  -1.63204  -1.04198 -0.699727
552 33.170106000 33.202196999  -1.08609 -0.464842  -1.28495
553 33.202204000 33.259849000 -0.242649  0.156117  -1.66751
554 33.259849999 33.285200000  0.238301   1.93632 -0.871273
555 33.285200000 33.300657000  0.541507   3.48207 -0.956234
556 33.300657999 33.312586000 0.888557  4.94951 -1.02889
557 33.312586999 33.322763000   1.16532   5.83557 -0.959449
558 33.322763999 33.331715000    1.4872   6.08605 -0.984283
559 33.331715000 33.340001999   1.94018   5.85852 -0.955859
560 33.340001999 33.347664999  2.43716  5.62452 -0.89725
561 33.347664999 33.354748999  2.88324  5.46092 -0.90001
562 33.354748999 33.361322000   3.22911   5.37806 -0.862638
563 33.361322999 33.367474000  3.44671  5.37256 -1.00954
564 33.367474000 33.373268999   3.63183   5.34708 -0.944536
565 33.373268999 33.378838999   3.66016   5.24412 -0.920493
566 33.378838999 33.384323000  3.71227  5.14814 -0.81701
567 33.384323000 33.389721999 3.63575 5.03336 -0.7725
568 33.389721999 33.395189999   3.58157   4.81596 -0.835015
569 33.395189999 33.400735000    3.5018   4.60948 -0.745592
570 33.400735000 33.406291000  3.44082  4.45068 -0.88405
571 33.406291999 33.411819000   3.44258   4.28811 -0.934112
572 33.411819000 33.417368000   3.42124   4.22317 -0.990956
573 33.417368000 33.422871999  3.41846  4.10058 -1.09807
574 33.422871999 33.428406999 3.44403 3.96517 -1.0798
575 33.428406999 33.433863999  3.40768  3.86856 -1.08469
576 33.433863999 33.439362999  3.40402   3.6158 -1.08501
577 33.439362999 33.444971999   3.3808  3.37493 -1.17247
578 33.444971999 33.450690999  3.29913  3.07066 -1.13217
579 33.450690999 33.456619999  3.19976  2.80798 -1.02257
580 33.456619999 33.462733999 3.09643 2.56906 -0.9752
581 33.462733999 33.469216000   2.90598   2.33675 -0.816626
582 33.469216000 33.476046000   2.68519   2.21989 -0.587023
583 33.476046000 33.483381999   2.40183   2.03659 -0.392651
584 33.483383000 33.491303000    2.09379    1.87516 -0.0578018
585 33.491303000 33.500174000 1.74158 1.62722 0.25977
586 33.500174000 33.510412999  1.37436  1.34173 0.464711
587 33.510412999 33.523155000 0.866179  1.07841 0.741338
588 33.523158000 33.541087000 0.304034 0.835583  0.84829
589 33.541087000 33.570810999 -0.0243458    0.51752   0.557707
590 33.570810999 33.606296999 -0.285876 -0.359703  -1.40539
591 33.606296999 33.621678000 -0.640619 -0.493772  -2.26918
592 33.621678999 33.635176000  -0.79489 -0.467395  -2.63634
593 33.635176000 33.647739000 -0.804009 -0.432854  -3.03944
594 33.647744000 33.659496000 -0.774157 -0.465754  -3.44764
595 33.659496000 33.670535999  -0.81058 -0.521161  -3.81587
596 33.670535999 33.680517999  -1.00148 -0.582898  -4.24128
597 33.680517999 33.689705000  -1.25116 -0.646854  -4.56367
598 33.689706000 33.698028999  -1.53928 -0.723877  -4.87064
599 33.698028999 33.705882999  -1.77436 -0.879238  -4.87671
600 33.705883999 33.713379999  -1.92662 -0.919097  -4.97971
601 33.713379999 33.720812999  -1.92362 -0.974761   -4.9793
602 33.720814000 33.728503000  -1.82466 -0.872592   -4.7223
603 33.728503000 33.736651999  -1.65662 -0.732156  -4.30515
604 33.736653000 33.745614999  -1.35314 -0.633718  -3.61128
605 33.745614999 33.756196000 -0.901324 -0.711616     -2.74
606 33.756196999 33.768298999 -0.484644 -0.913759  -1.56714
607 33.768300999 33.779879999 -0.530158  -1.14469 -0.532434
608 33.779881000 33.789315000 -0.993527  -1.45038  0.288369
609 33.789315000 33.797277000 -1.53038 -1.76082 0.614782
610 33.797277000 33.804248000 -2.04555 -1.94458   1.0477
611 33.804248000 33.810684000 -2.39345 -2.11774  1.34058
612 33.810684000 33.816873999 -2.74634 -2.19628  1.75432
613 33.816873999 33.822896999 -2.88407 -2.40584   2.0075
614 33.822896999 33.828913999 -2.82279 -2.56363  2.31446
615 33.828915000 33.835027000 -2.79623 -2.81363  2.63448
616 33.835027000 33.841247000 -2.55881 -3.11908  3.01169
617 33.841247000 33.847667999 -2.23533 -3.37127  3.73034
618 33.847667999 33.854204000 -1.95774 -3.49413  4.01867
619 33.854204000 33.860962999 -1.69819 -3.63176  4.50643
620 33.860962999 33.867724999 -1.64501  -3.7174  5.04294
621 33.867724999 33.874450999 -1.77723 -3.79275  5.29603
622 33.874450999 33.881152999  -1.9815 -3.85029  5.65733
623 33.881154000 33.887810999 -2.26101 -3.92079  5.76203
624 33.887810999 33.894578999 -2.57874  -3.9215  6.01813
625 33.894578999 33.901547999  -2.7884 -3.92188  6.25187
626 33.901547999 33.908982999 -2.97966 -3.73779  6.13289
627 33.908982999 33.916834000 -2.91795 -3.59627   6.0949
628 33.916834000 33.925457999 -2.66738 -3.40128  5.85027
629 33.925459000 33.935194999 -2.16478 -3.18885  5.41319
630 33.935194999 33.946384000 -1.37502  -3.0115   4.9913
631 33.946384000 33.959301999 -0.509937  -2.85287   4.57671
632 33.959301999 33.973646999 0.121389 -2.60118  4.12458
633 33.973648000 33.988362999 0.474718 -2.51084  4.10875
634 33.988362999 34.002585000 0.651954 -2.55118  3.84774
635 34.002585000 34.015368999  1.05409 -2.81762  3.82491
636 34.015370000 34.026743999  1.50433 -3.05705  3.84734
637 34.026744999 34.037423000  1.76993 -3.00734  3.80259
638 34.037423000 34.048352000  1.92686 -2.65565  3.81373
639 34.048352999 34.059558000  2.05657 -2.07833  3.95967
640 34.059558000 34.070847999  2.07963 -1.63311  3.87958
641 34.070847999 34.082534000  1.90279 -1.38843  3.65731
642 34.082534999 34.095021000  1.73452 -1.08633  3.16122
643 34.095021999 34.108814999    1.5565 -0.719971   2.58438
644 34.108816000 34.122579999  1.51986 -0.67433  2.01962
645 34.122579999 34.134728000    1.7001 -0.932869   1.87664
646 34.134728000 34.145555000  1.97141 -1.06545  1.58997
647 34.145555999 34.155835000   2.16817 -0.930507   1.37096
648 34.155835000 34.166580000   2.11794 -0.549085   1.12277
649 34.166580000 34.178693999    1.823 -0.10344 0.401626
650 34.178693999 34.192649000    1.44181   0.360416 -0.0018496
651 34.192649000 34.207728000   1.12238  0.802705 -0.853062
652 34.207728999 34.222442999  1.05066 0.848517 -1.79656
