1 0.000000000 0.410072000 -0.0122309 -0.0236201  0.0202573
2 0.410079999 0.498503999 -0.00779878   -0.171057  -0.0411841
3 0.498508999 0.547016000 0.000281236   -0.249759   -0.100713
4 0.547016999 0.580945000 0.0153632  -0.38474 -0.106955
5 0.580945000 0.605931000  0.121565 -0.504896 -0.193167
6 0.605932000 0.632055000  0.056131 -0.504872 -0.130981
7 0.632055000 0.656690000 0.00364606  -0.595259 -0.0744634
8 0.656690000 0.678896000  0.0344494  -0.688475 -0.0849161
9 0.678896000 0.701260000   0.045689  -0.692704 -0.0588878
10 0.701260000 0.727682999 -0.0084033   -0.56998 -0.0465677
11 0.727684000 0.751202999  -0.045388  -0.685759 -0.0530796
12 0.751202999 0.773556999 0.00361484  -0.722562 -0.0145731
13 0.773556999 0.796667000 -0.00428428   -0.701152   0.0495129
14 0.796669000 0.822268000 -0.120974 -0.632871 0.0175704
15 0.822268999 0.847422999  -0.108496  -0.655358 -0.0265357
16 0.847423999 0.868257000 0.0274097 -0.854439   0.04399
17 0.868257999 0.890006999 0.055463 -0.81774 0.154905
18 0.890006999 0.917399000 -0.110353 -0.627063  0.114183
19 0.917399999 0.949805999  -0.195582  -0.497421 -0.0699416
20 0.949807000 0.980993000 -0.0435879  -0.580418 -0.0489978
21 0.980993000 1.011517999 -0.0270766  -0.624224  0.0224296
22 1.011519999 1.062232999 -0.162857 -0.294564 0.0199009
23 1.062240999 1.142356000 -0.00732994   -0.221235  -0.0995755
24 1.142361999 1.544447999   0.0168122 -0.00204895    0.011835
25 1.544448999 1.619746999   0.0139717    0.244732 -3.8735e-05
26 1.619750000 1.680945999 0.000810606    0.256897   0.0162376
27 1.680945999 1.717310999 -0.0383322   0.470148 -0.0189033
28 1.717312000 1.754475000 -0.00142905    0.447611  -0.0387102
29 1.754475999 1.782338999 -0.0649289   0.613242 -0.0450023
30 1.782340000 1.805994000 -0.0667783   0.720713 -0.0746489
31 1.805994000 1.830727000   0.00507906     0.680723 -0.000303678
32 1.830727999 1.854277999 0.0317812  0.685423  0.024888
33 1.854279000 1.874951999 0.0113578  0.808784 0.0314185
34 1.874953000 1.893794999 0.00644833   0.898257  0.0704675
35 1.893794999 1.912426999 -0.0240448   0.868804  0.0575693
36 1.912427999 1.931182000 -0.00523189    0.859419   0.0631284
37 1.931182999 1.950631000 -0.00552063    0.815827   0.0330688
38 1.950631000 1.969859999 -0.0254687   0.840884  0.0187138
39 1.969861000 1.987706000  -0.0552376    0.915121 -0.00862701
40 1.987706000 2.005160000 -0.0152039   0.954142 -0.0153168
41 2.005161000 2.025440000  0.0473194   0.774159 -0.0155442
42 2.025440999 2.048962999  0.0491773   0.645205 -0.0292855
43 2.048962999 2.071477999  0.015185  0.667222 0.0380289
44 2.071480000 2.092447000 -0.0121349   0.691045   0.131622
45 2.092447000 2.113073000 -0.0217876   0.706611   0.114264
46 2.113074000 2.133104000 -0.0568058   0.706426   0.111247
47 2.133104000 2.153215000 -0.0564436   0.692448   0.092225
48 2.153215999 2.172289999 -0.031664  0.774661 0.0191165
49 2.172289999 2.192437000 0.00910318   0.701285 -0.0753199
50 2.192438999 2.213280000 -0.00313318       0.678   -0.152002
51 2.213280000 2.232043999 -0.0317693   0.742281  -0.145044
52 2.232043999 2.250743000 -0.0274796   0.745856  -0.103105
53 2.250743000 2.271497000  0.0113788   0.654857 -0.0439053
54 2.271497000 2.291528999 -0.0145161   0.648576  0.0405804
55 2.291528999 2.308717999 -0.0424169   0.775168   0.166458
56 2.308717999 2.324233999 -0.071635  0.838416  0.168827
57 2.324235000 2.339943999 -0.136321   0.80529  0.206189
58 2.339943999 2.354650000 -0.196093  0.841028   0.33617
59 2.354650000 2.368872000 -0.158085  0.881765  0.356515
60 2.368872000 2.384573999 -0.102877  0.783206  0.333327
61 2.384573999 2.402254000 0.036754 0.713429 0.219209
62 2.402254000 2.420620999 0.0827565  0.696898  0.165828
63 2.420622000 2.438146999 0.0363345  0.732527 0.0629177
64 2.438148000 2.454512999 0.00096643   0.790193  0.0608256
65 2.454514000 2.470911000 0.0552914   0.81238 0.0595591
66 2.470913000 2.489377999   0.171673   0.695042 -0.0793739
67 2.489381999 2.510311999  0.169856  0.602683 -0.322012
68 2.510313000 2.533598999 0.0978406  0.550857 -0.359602
69 2.533600000 2.557825999 0.0389851  0.517232 -0.129221
70 2.557827000 2.584149000 -0.00838824    0.465217  -0.0232418
71 2.584150000 2.612388999 -0.0701535   0.398399  0.0805679
72 2.612388999 2.640203999 -0.110332  0.387683  0.147232
73 2.640203999 2.680492999 -0.0587403   0.250348 0.00840939
74 2.680492999 2.787460000  0.00151839   0.0215933 -0.00679425
75 2.787460000 2.844576000 -0.0144427  -0.228998  0.0397982
76 2.844576000 2.890975999 -0.00957132   -0.241664   -0.158897
77 2.890977999 2.924460000  0.0173558  -0.344733 -0.0541759
78 2.924463999 2.959570999 -0.0540011  -0.332329   0.100143
79 2.959572999 2.999559999 -0.114377 -0.265354  0.127769
80 2.999559999 3.030621000 -0.0278248  -0.393236 -0.0050436
81 3.030621000 3.065966000 -0.00722616   -0.322859   0.0685255
82 3.065971000 3.104246000  -0.062023  -0.301558 0.00208741
83 3.104246999 3.142194000 -0.00150021    -0.29238  -0.0332449
84 3.142194000 3.181201000 -0.0252447  -0.277862 -0.0220157
85 3.181201999 3.214125000 -0.100794 -0.349568 0.0753255
86 3.214125000 3.247511000 -0.0733588   -0.33912   0.104053
87 3.247513999 3.281227000   -0.03633  -0.341425 -0.0570214
88 3.281229000 3.308444000  0.0395058  -0.445459 -0.0272153
89 3.308444999 3.332811000 0.00752244  -0.515445  0.0269059
90 3.332811999 3.358970000 -0.0558242   -0.46538  0.0695899
91 3.358974000 3.380381999 0.0302592 -0.607476  0.120452
92 3.380384999 3.397537000  0.105163 -0.777343   0.15361
93 3.397537999 3.415172000 0.0731905 -0.750494  0.173094
94 3.415172000 3.435542999 0.0132844 -0.644424 0.0610207
95 3.435542999 3.456638000 0.0121098  -0.62064   0.01906
96 3.456638000 3.476922000 0.0297439 -0.655247 0.0255568
97 3.476923000 3.495057999 0.0444262 -0.760866 0.0603344
98 3.495057999 3.512504000 0.0412664 -0.815599  0.062116
99 3.512504000 3.531709999 -0.00279391   -0.726158    0.060795
100 3.531709999 3.553545000 -0.0945572  -0.637535 -0.0448921
101 3.553545000 3.574342999  -0.025449  -0.677081 -0.0456846
102 3.574342999 3.592647999   0.037346   -0.80922 -0.0451493
103 3.592649000 3.612088000  0.00499968   -0.775846 -0.00702561
104 3.612089000 3.635900999 -0.0921055  -0.608472 -0.0581505
105 3.635902000 3.660694999  -0.0542998   -0.598885 -0.00287917
106 3.660694999 3.684246000 -0.030529 -0.635098 -0.013119
107 3.684246999 3.708893999  -0.0434014   -0.603168 -0.00718966
108 3.708893999 3.732334000   0.036401  -0.622905 -0.0571443
109 3.732334999 3.762265000  0.0234195  -0.461178 -0.0539999
110 3.762265000 3.796800999 -0.0356628  -0.414195 -0.0554664
111 3.796800999 3.822942000 0.0833972 -0.588498 0.0908598
112 3.822942000 3.854353999 0.0423134 -0.463003  0.163944
113 3.854353999 3.887203000 -0.0237004   -0.46504  0.0932524
114 3.887203999 3.911548000 -0.0170981  -0.649414  0.0498227
115 3.911548999 3.935042000 -0.0813321  -0.688396 -0.0716049
116 3.935042999 3.963116000 -0.0997926  -0.546233  -0.127404
117 3.963116999 3.993295000 -0.120918 -0.496953 -0.199623
118 3.993297000 4.020337000 -0.0650585   -0.60597  -0.144463
119 4.020339000 4.047485000  0.0454871  -0.607665 -0.0662583
120 4.047485000 4.078208000 0.0904768 -0.493982  -0.08422
121 4.078209000 4.113266000   0.041167  -0.458893 -0.0763241
122 4.113266999 4.167713999 0.00251101  -0.299932  0.0312309
123 4.167713999 4.219887999 0.0608024 -0.334132 0.0868601
124 4.219888999 4.263732999   0.0416984   -0.405114 -0.00914905
125 4.263736000 4.335633000 -0.0748694  -0.233449   0.037933
126 4.335636999 4.495144000  0.00420779 -0.00401434  -0.0350009
127 4.495149999 4.578562999 -0.0244184   0.201152 -0.0534543
128 4.578562999 4.649080999 0.0350185  0.226437 -0.115602
129 4.649080999 4.689661999  0.0253648      0.428 -0.0139295
130 4.689663000 4.725933999  0.0312722   0.462284 0.00290975
131 4.725933999 4.760439000  0.0175701   0.482209 -0.0266757
132 4.760440999 4.793194000 -0.0102491   0.509171  -0.158486
133 4.793194999 4.819711999 -0.0852047   0.620769  -0.294673
134 4.819711999 4.843497999 -0.0847671   0.702487  -0.353233
135 4.843499000 4.866553999 -0.0108664   0.721474  -0.236767
136 4.866553999 4.891960999 0.00909274   0.631441 -0.0945339
137 4.891960999 4.915866999 -0.0125266   0.632483   0.115145
138 4.915868000 4.938443000 -0.0667112   0.598602   0.336851
139 4.938443999 4.959755000 -0.0624239   0.658575   0.414832
140 4.959755000 4.979470999 -0.0539836   0.724562   0.405631
141 4.979470999 4.998533000 -0.0648302   0.772024   0.351753
142 4.998533000 5.017674000 -0.0210026   0.792195   0.311846
143 5.017674999 5.038801000 0.0206533   0.69841  0.239899
144 5.038801999 5.060020999 -0.00156669    0.680534    0.197635
145 5.060020999 5.080428999 -0.0447306   0.709653   0.123343
146 5.080428999 5.100869000 -0.0728434   0.735654  -0.101103
147 5.100869000 5.121423000 -0.0141327   0.753501  -0.196741
148 5.121424000 5.143573000 0.0327552  0.680993 -0.151974
149 5.143573000 5.164449000 0.000419408     0.70288  -0.0752964
150 5.164449000 5.183563000  -0.049775    0.75684 0.00449885
151 5.183563999 5.203733999  -0.022844   0.684149 -0.0773738
152 5.203735000 5.225624000  0.0432858   0.627541 -0.0483876
153 5.225624000 5.246473999  0.0148611   0.659916 -0.0254028
154 5.246474999 5.266333999 0.0167922   0.68753 -0.099925
155 5.266333999 5.286548999 0.0617669  0.676777 -0.129633
156 5.286548999 5.309082000  0.0427454   0.582248 -0.0272303
157 5.309083000 5.332391999 -0.0137234    0.55185  -0.004866
158 5.332393000 5.353019000  -0.0633998    0.611146 -0.00940904
159 5.353019999 5.372150999 -0.0525897   0.674861  -0.126308
160 5.372152999 5.391466999 0.0389453  0.698431  -0.21786
161 5.391468000 5.410858000  0.121503  0.676703 -0.167761
162 5.410858000 5.431553000 0.0378561  0.614142 -0.123406
163 5.431553999 5.451986999 -0.000691615     0.622469   -0.0529852
164 5.451986999 5.471993999 0.00476637   0.619397 -0.0167731
165 5.471993999 5.493478000 0.00875716    0.55817  0.0687578
166 5.493478000 5.515906999 0.0119079  0.530509  0.153826
167 5.515906999 5.536081999 -0.0155866   0.618285  0.0100893
168 5.536083999 5.557013000 -0.0627237   0.577377 -0.0447677
169 5.557013000 5.578329000 -0.0705347    0.57836 -0.0612973
170 5.578329000 5.600313999 -0.0894263   0.532208 -0.0886689
171 5.600313999 5.621932000 -0.0705349   0.565598  -0.120391
172 5.621932000 5.645285000  0.0421851    0.53851 -0.0830844
173 5.645285999 5.668102000  0.242611  0.502685 0.0446603
174 5.668102000 5.691732000   0.174826   0.516442 -0.0584374
175 5.691732000 5.715860999  0.125004  0.546571 -0.215125
176 5.715860999 5.738579000  0.243641  0.555766 -0.207464
177 5.738579000 5.761562999  0.233277  0.550245 -0.230291
178 5.761564999 5.787478000  0.189764  0.480669 -0.265183
179 5.787478000 5.816393000  0.148006  0.423986 0.0781367
180 5.816393999 5.844664999 0.0973409  0.433997   0.17937
181 5.844665999 5.871962999  0.102657  0.497866 -0.110571
182 5.871965000 5.899192000  0.163883  0.516705 -0.316715
183 5.899192000 5.939105999 0.0863731  0.314966  -0.15309
184 5.939107000 5.989284999 -0.0149537   0.257269 -0.0379029
185 5.989284999 6.054957999 0.0160588 -0.112072  0.239221
186 6.054960000 6.084511999 -0.119645 -0.510107   0.46349
187 6.084513000 6.107087999 -0.0559574  -0.678638   0.266634
188 6.107087999 6.129598000 -0.191658 -0.587116 0.0365549
189 6.129598999 6.147685999 -0.342729  -0.72778 -0.118157
190 6.147685999 6.163208999  -0.337864  -0.944748 -0.0678355
191 6.163210000 6.177097999 -0.247325    -1.147  0.135753
192 6.177099000 6.190415000 -0.354546  -1.15194  0.153163
193 6.190415999 6.204305999 -0.433415  -1.02903  0.124412
194 6.204305999 6.218895999  -0.40853 -0.931347  0.163307
195 6.218895999 6.233319000 -0.206604  -1.03198  0.235421
196 6.233319999 6.247758999 -0.0911517   -1.03789   0.152051
197 6.247760000 6.262877000 -0.0328682  -0.924032 0.00737595
198 6.262877999 6.277842000 -0.0185751  -0.908536  -0.156314
199 6.277842000 6.292197000 -0.00508025   -0.957455   -0.129035
200 6.292197999 6.307428999 -0.00143738   -0.871415   -0.130035
201 6.307430000 6.323592000 -0.0328095  -0.830503  0.0279823
202 6.323592999 6.339032000  -0.14608 -0.909406 0.0172609
203 6.339032999 6.354674000 -0.310072 -0.858026 0.0619518
204 6.354674000 6.371117000 -0.229697 -0.812069  0.128968
205 6.371117999 6.388221000 -0.0345835  -0.829723   0.125997
206 6.388221999 6.404525000 0.0189183 -0.892509  0.120986
207 6.404525000 6.421199000 0.00595105  -0.825886    0.11766
208 6.421199999 6.442321999 -0.0943507  -0.615494 -0.0204552
209 6.442321999 6.465065999 -0.0505507  -0.567965 -0.0781842
210 6.465067000 6.484494999  0.0284405  -0.693219 -0.0379463
211 6.484494999 6.505488999 0.00598408  -0.633554 -0.0152377
212 6.505488999 6.532836000 -0.0606869  -0.458258 -0.0581412
213 6.532836999 6.567022000  0.0119062  -0.348711 -0.0405744
214 6.567022000 6.591781999    0.158761    -0.47812 0.000573956
215 6.591781999 6.620845999 0.0327436 -0.434418 0.0619757
216 6.620847000 6.664978000 0.0540245 -0.274483 0.0650102
217 6.664978999 6.710550999   0.104496   -0.21937 -0.0366812
218 6.710550999 6.783140999  0.0769973  -0.132258 -0.0206719
219 6.783143000 6.897820999 0.0266924 -0.109482 0.0283386
220 6.897820999 6.943588999   0.241965 -0.0427872 -0.0129232
221 6.943589999 6.971520000     0.40692  -0.0270525 -0.00109645
222 6.971521000 6.993750000   0.535961 0.00700295   0.097231
223 6.993750000 7.014981000    0.578255 -0.00221865   0.0677757
224 7.014981999 7.034609999   0.638939 -0.0109391   0.088256
225 7.034611000 7.052669000   0.720265 -0.0112793  0.0909968
226 7.052669000 7.069550999   0.780505 -0.0188247   0.119006
227 7.069550999 7.085640000  0.842033 0.0241164   0.03109
228 7.085640000 7.101024000  0.903948 0.0729233 0.0339432
229 7.101024000 7.115526999    0.981371   0.0586939 -0.00101924
230 7.115526999 7.129253000   1.05566  0.046848 0.0332546
231 7.129253999 7.142805999   1.05753 0.0379604 0.0333868
232 7.142805999 7.157062999   1.01269 0.0190265 0.0680785
233 7.157064000 7.172237999   0.924711 0.00413577  0.0307929
234 7.172237999 7.187620999   0.943454 0.00564189  0.0327985
235 7.187620999 7.202663000   0.992049 0.00238413  0.0675195
236 7.202663000 7.217318999   1.03971 0.0158294  0.086823
237 7.217318999 7.232428000   1.06888 0.0573146 0.0694268
238 7.232428000 7.248862999   0.98871 0.0105801 0.0437552
239 7.248862999 7.266744000  0.884886  -0.06134 0.0587651
240 7.266744000 7.286208000    0.82159 -0.0445057  0.0962563
241 7.286208999 7.306733000  0.811008 0.0584083 0.0900975
242 7.306737000 7.327989000  0.785706 0.0735872  0.107175
243 7.327990999 7.352167000   0.67863 0.0398786  0.122458
244 7.352167000 7.384006999  0.496553 0.0347718  0.229435
245 7.384006999 7.421801999  0.414827  0.130637 0.0995057
246 7.421801999 7.504613000 0.0152724 0.0293381 -0.043506
247 7.504613999 7.540017999  -0.478855 -0.0269414 -0.0802053
248 7.540020000 7.585907000 -0.292312   -0.1075  0.107291
249 7.585907000 7.609394999   -0.681683 -0.00657326  -0.0449907
250 7.609395999 7.632613000  -0.679851 0.00766668 -0.0414347
251 7.632613999 7.662113000  -0.465027 -0.0722513 -0.0388918
252 7.662117000 7.690081999   -0.510509   -0.102934 -0.00405666
253 7.690083000 7.717782999  -0.501686 -0.0877382 -0.0020406
254 7.717782999 7.746573000  -0.460417 -0.0608863 -0.0380857
255 7.746573000 7.768129000  -0.673843 -0.0665095 -0.0584403
256 7.768129000 7.787290999  -0.747727 -0.0670723 -0.0366937
257 7.787293000 7.809184000  -0.599146 -0.0378724 -0.0229587
258 7.809184000 7.830114000  -0.616292 -0.0336035 -0.0323416
259 7.830114000 7.846168000  -0.873087 -0.0234778 -0.0153796
260 7.846168999 7.860258000  -0.986904  0.0100435 -0.0316476
261 7.860258000 7.874978000 -0.931394 0.0033302 0.0620707
262 7.874978000 7.891498999  -0.781733 -0.0335162   0.109316
263 7.891499999 7.908477000  -0.769178 -0.0394452  0.0580928
264 7.908477000 7.923278999  -0.949244 -0.0849568 -0.0108605
265 7.923280999 7.936562999  -1.08422 -0.045152 0.0351993
266 7.936562999 7.950030000   -1.06061 0.00387191 -0.0255378
267 7.950030000 7.965133000  -0.896938 -0.0245004 -0.0706177
268 7.965134000 7.982759000  -0.742515 -0.0844284  -0.131156
269 7.982760000 7.999739000 -0.787054 -0.140402 -0.265506
270 7.999739000 8.015005000 -0.886544 -0.139035 -0.202517
271 8.015005000 8.029586999  -0.946844 -0.0305059  -0.123397
272 8.029586999 8.045480000    -0.8428 -0.0181275  -0.108212
273 8.045480000 8.062959999  -0.737467 -0.0590738 -0.0154016
274 8.062959999 8.079281000  -0.824545 -0.0989285  0.0551649
275 8.079282000 8.093931000 -0.990576 -0.098136  0.189473
276 8.093931000 8.108085000   -1.04183 -0.0809653   0.241905
277 8.108085000 8.123063999 -0.941033 0.0245757  0.288099
278 8.123063999 8.139369000  -0.81749 0.0544521  0.308712
279 8.139369000 8.155572999 -0.837478 0.0216424  0.263345
280 8.155574000 8.170315000  -0.966636 -0.0136767   0.234768
281 8.170315999 8.183805999   -1.09525 -0.0414748   0.244757
282 8.183807000 8.196879999   -1.15831 -0.0747809   0.187377
283 8.196879999 8.210035000   -1.16749 -0.0524785   0.123135
284 8.210036000 8.222903000  -1.19804 -0.105957  0.119664
285 8.222903000 8.235763999   -1.18482 -0.0979297  0.0532557
286 8.235763999 8.249052000   -1.12949 -0.0870938  0.0334864
287 8.249052999 8.262907999   -1.07436  -0.122297 -0.0451984
288 8.262907999 8.277401000   -1.00919 -0.0919184 -0.0768953
289 8.277401000 8.292589999  -0.990252  -0.099032 -0.0896289
290 8.292589999 8.308020000   -0.97321 -0.0892597 -0.0860937
291 8.308020999 8.324447999  -0.913659  -0.115375 -0.0299299
292 8.324449000 8.341966999  -0.852899 -0.0460637  0.0145789
293 8.341966999 8.360283999  -0.820894 -0.0325466  0.0182342
294 8.360285000 8.379112000  -0.838561 0.00683122 0.00829215
295 8.379112000 8.400899000 -0.678164 0.0189408 0.0121725
296 8.400899000 8.436330000 -0.357155 0.0327262 0.0157467
297 8.436330000 8.463488000 -0.529302 0.0554665 0.0141717
298 8.463489000 8.485262000  -0.720751  0.0102779 0.00167904
299 8.485262000 8.508639000  -0.662984  0.0348885 -0.0605182
300 8.508639999 8.544513999  -0.396774  0.0248544 -0.0891218
301 8.544520000 8.574837999   -0.517798 -0.00262671  -0.0824038
302 8.574837999 8.600177999  -0.658494 -0.0228528 -0.0327977
303 8.600177999 8.639764999  -0.403884 -0.0218308 0.00526129
304 8.639774999 8.754450999  0.0607403 -0.0486787 -0.0197582
305 8.754451999 8.781287000    0.633528 -0.00744083  0.00602748
306 8.781287999 8.805777999    0.672716  0.00417639 -0.00365271
307 8.805779000 8.826239000   0.837381 -0.0122783 -0.0518125
308 8.826240999 8.843245999    1.03936  0.0189181 -0.0956169
309 8.843247000 8.858298000    1.22061 0.00109771 -0.0693817
310 8.858298000 8.872544000   1.27866 0.0212313 -0.164393
311 8.872544000 8.886518999    1.29168 -0.0139154   -0.17593
312 8.886518999 8.900263999     1.26523 -0.00998903   -0.152879
313 8.900263999 8.913604999    1.32012 -0.0270593 -0.0570828
314 8.913604999 8.926172000    1.38284 -0.0426615 -0.0594998
315 8.926172000 8.938213000     1.43256  -0.0225379 -0.00241914
316 8.938213000 8.949793999     1.44257   -0.033154 -0.00423003
317 8.949793999 8.961224000    1.43971 -0.0595985  0.0724624
318 8.961224000 8.972796999    1.42394 -0.0382805  0.0450426
319 8.972796999 8.984636999   1.36964 0.0204772 0.0361587
320 8.984636999 8.996896999   1.31652 0.0437947 0.0523508
321 8.996898000 9.009662000   1.24664 0.0543774  0.136295
322 9.009662000 9.022643999  1.23022 0.057142 0.111044
323 9.022643999 9.035610999   1.22668 0.0757432 0.0898622
324 9.035610999 9.048423999   1.24584 0.0900871  0.110658
325 9.048423999 9.060974000   1.27804 0.0508585  0.164346
326 9.060974000 9.073233999    1.3137 0.0187605  0.192631
327 9.073233999 9.085073000   1.38575 0.0040197  0.120396
328 9.085073000 9.096887999   1.41181 0.0186913  0.137783
329 9.096887999 9.108786000    1.3749 0.0459116  0.150975
330 9.108786000 9.121156999   1.25941 0.0410259  0.127764
331 9.121156999 9.133968999   1.16973 0.0169645 0.0851837
332 9.133970000 9.146961000     1.16931 -0.00179136   0.0714388
333 9.146961000 9.159787000    1.15461 -0.0316249  0.0327009
334 9.159787000 9.172838999    1.13363 -0.0185369  0.0659893
335 9.172839999 9.185785000    1.17568  0.0639363 0.00700362
336 9.185785999 9.198157999   1.26871 0.0722531 0.0115253
337 9.198158999 9.210216999    1.31811  0.0240636 -0.0289676
338 9.210216999 9.222087000    1.34441 -0.0429997  0.0216899
339 9.222087999 9.234166000    1.31735  -0.058535 -0.0555077
340 9.234166999 9.247171000     1.1483 -0.0872724 -0.0219462
341 9.247171000 9.261998000   0.990555  0.0224488 -0.0507614
342 9.261998000 9.277225000     0.98085   0.0884182 -0.00105657
343 9.277225000 9.292768999    0.954745   0.0831626 -0.00327899
344 9.292769999 9.308109000  0.993149 0.0850028 0.0309022
345 9.308109000 9.323756999   0.99937 0.0362009 0.0658319
346 9.323758000 9.340022000   0.991391 0.00853882   0.145477
347 9.340023999 9.356827999  0.973129 0.0603393 0.0105123
348 9.356831999 9.373809000   0.987753  0.0624446 -0.0354984
349 9.373810999 9.390658999    1.03072  0.0534997 -0.0137208
350 9.390659999 9.407873999      1.02207 -0.000694759   -0.0126657
351 9.407874999 9.426326999   0.966764 0.00727093 -0.0563168
352 9.426326999 9.446070999   0.924735  0.0524752 -0.0698395
353 9.446070999 9.467664999  0.847523 0.0308537 -0.065486
354 9.467666000 9.491314999   0.797655  0.0186092 -0.0187612
355 9.491314999 9.516224000   0.772907  0.0294667 -0.0544787
356 9.516224000 9.542488000   0.758094  0.0212136 -0.0755413
357 9.542488000 9.581255000    0.477112   0.0432232 -0.00451637
358 9.581256999 9.629253999   0.377984 -0.0117668   0.047949
359 9.629256000 9.699364999   0.115545 0.00947977  -0.130127
360 9.699367000 9.726688999  -0.830399  0.0070535 -0.0861191
361 9.726688999 9.750396000   -0.850488    0.039831 -0.00721845
362 9.750396000 9.775134000 -0.758749 0.0332826 0.0286343
363 9.775134000 9.791545999  -1.30773 0.0734886 -0.024604
364 9.791547000 9.803665999   -1.92746   0.145044 -0.0812563
365 9.803665999 9.814176999  -2.21497  0.129913 -0.147656
366 9.814176999 9.824540999  -2.12242  0.114253 -0.101976
367 9.824540999 9.835323999  -1.92487   0.10149 -0.150794
368 9.835323999 9.846888999  -1.66179 0.0821551 -0.179302
369 9.846890000 9.859415999  -1.38554  0.108808 -0.204871
370 9.859415999 9.872842000  -1.23258 0.0788202 -0.159264
371 9.872842999 9.886224000   -1.2041 0.0397829 -0.210738
372 9.886224000 9.899357000   -1.16625 0.00359669  -0.271589
373 9.899357000 9.911610999   -1.25836 0.00695892  -0.281595
374 9.911610999 9.922596000  -1.47567 0.0141546 -0.173918
375 9.922596000 9.932563999   -1.67337 0.00731193  -0.100657
376 9.932563999 9.941880000    -1.81952 0.000416104   -0.128799
377 9.941880000 9.951120999  -1.82094 0.0232309 -0.108271
378 9.951120999 9.960287000   -1.88787 -0.0453718  -0.068943
379 9.960287000 9.969724999   -1.77331 -0.0443713 -0.0698011
380 9.969724999 9.979459999    -1.6786 -0.0287992 -0.0713227
381 9.979460999 9.989182999   -1.59369 -0.0325269 -0.0243947
382 9.989184000 9.998858000    -1.6717 -0.0704824  -0.101849
383 9.998858999 10.007975000  -1.81147 -0.124188 0.0165912
384 10.007975000 10.016847999   -1.92152  -0.133332 -0.0844143
385 10.016847999 10.025757999   -1.97363 -0.0836429  -0.137332
386 10.025757999 10.034698000   -1.92185  -0.165706 -0.0512757
387 10.034698000 10.044094000  -1.81846 -0.165048 0.0607907
388 10.044095000 10.053901999   -1.70736  -0.111154 0.00111656
389 10.053901999 10.064154000  -1.56558 -0.101913 0.0686114
390 10.064154000 10.074784000   -1.50478 -0.0829232    0.12418
391 10.074784000 10.085316999   -1.5053 -0.141772  0.260634
392 10.085316999 10.095812999  -1.54257 -0.204852  0.249217
393 10.095813999 10.106530999  -1.55056 -0.171946  0.164718
394 10.106530999 10.117557000  -1.44598 -0.212449  0.146719
395 10.117557000 10.129132999  -1.34258 -0.305488  0.245355
396 10.129136999 10.141674000  -1.17053 -0.300954  0.165478
397 10.141674999 10.155706999  -0.99582 -0.197231  0.172798
398 10.155707999 10.170506999   -0.93087 -0.0780665   0.149891
399 10.170506999 10.186020999  -0.909866 -0.0761182   0.114857
400 10.186022000 10.200925000   -1.00081 -0.0606082  0.0494585
401 10.200925000 10.215679000    -1.07075   -0.109998 -0.00675226
402 10.215680000 10.231036999   -1.01242  -0.109542 -0.0436705
403 10.231036999 10.247772000  -0.920587 -0.0647006  -0.105725
404 10.247772000 10.264912999  -0.911067 -0.0438168 -0.0855763
405 10.264915000 10.280689999   -1.05793 -0.0658375   -0.13878
406 10.280690999 10.296221999   -1.11269 -0.0670293  -0.117943
407 10.296223000 10.314165999  -0.920947 -0.0328416  -0.112709
408 10.314165999 10.339837999   -0.566281 0.000488591  -0.0652895
409 10.339839000 10.363093999  -0.697054 -0.0269476 -0.0747905
410 10.363095000 10.382826000  -0.871548 -0.0396881 -0.0992246
411 10.382826000 10.417070000   -0.452567  0.00616682 -0.00367106
412 10.417070000 10.509357000 -0.0658232  0.0173283  0.0704011
413 10.509358000 10.552493999   0.379652 -0.0092749   0.102562
414 10.552493999 10.580664999  0.574166 0.0107561  0.112994
415 10.580667000 10.597761999    1.05214 -0.0663333  0.0912969
416 10.597761999 10.611989000   1.32056 -0.102064  0.108925
417 10.611989000 10.625019000    1.46775 -0.0620198   0.164819
418 10.625019999 10.637409000   1.55208 0.0328049  0.125644
419 10.637409000 10.649275999   1.60646 0.0241738  0.092018
420 10.649275999 10.660613000    1.67531 -0.0164182 0.00695092
421 10.660613000 10.671514999    1.71703 -0.0525375  0.0121035
422 10.671514999 10.682069999    1.75017 -0.0633358  -0.167484
423 10.682070999 10.692542999    1.68624 -0.0534497  -0.164755
424 10.692542999 10.702854999    1.6862 0.0481567 -0.282985
425 10.702854999 10.713175999   1.66528  0.121348 -0.243495
426 10.713175999 10.723702999   1.65599  0.198252 -0.304256
427 10.723707000 10.734504000   1.57725  0.191089 -0.283897
428 10.734504000 10.745759999   1.51134  0.199923 -0.171038
429 10.745761000 10.757723000    1.33955   0.109403 -0.0844416
430 10.757723999 10.770497000   1.22879 0.0660409 0.0844905
431 10.770497000 10.783582000    1.18873 -0.0299115   0.208945
432 10.783582000 10.796193999    1.25356 -0.0743424   0.174868
433 10.796193999 10.808677999    1.28863 -0.0159677   0.197059
434 10.808677999 10.821720000   1.21817 0.0463248  0.102579
435 10.821720000 10.836304000    1.0437  0.169067 0.0474914
436 10.836304999 10.853079000   0.815077   0.129509 -0.0261155
437 10.853080000 10.870900000  0.751286 0.0149955 -0.027955
438 10.870900000 10.889652000    0.700757  -0.0146361 -0.00850705
439 10.889653000 10.913286999    0.51632   0.109505 -0.0176811
440 10.913286999 10.944625000   0.347786   0.171316 -0.0871052
441 10.944625000 11.112889999   0.029823 0.00689781 -0.0178291
442 11.112903999 11.197483000 0.00272879  0.0429931  -0.402972
443 11.197483999 11.237681999 -0.00260211   -0.120297   -0.666739
444 11.237682999 11.267103999 0.0310211  -0.14276  -0.93616
445 11.267103999 11.295034000 -0.00516487    0.023248    -1.17075
446 11.295034000 11.322943999 -0.159264 0.0874554  -1.22064
447 11.322944999 11.352789000 -0.149059 0.0351618  -1.09598
448 11.352790000 11.382031000  -0.12035 0.0816529  -1.12457
449 11.382031000 11.408989999 -0.0224167   0.158557   -1.24808
450 11.408992000 11.434136000  0.065614 0.0606801  -1.31779
451 11.434136999 11.459878999  0.0960886 -0.0330656    -1.2777
452 11.459878999 11.487239000 0.0251752 -0.118429  -1.18065
453 11.487239999 11.514420000 -0.00790583   -0.176142    -1.15267
454 11.514420000 11.539530999 -0.058418 -0.269467  -1.22291
455 11.539530999 11.564624000 -0.0558411  -0.233862   -1.25264
456 11.564624000 11.590167000 0.00623773 -0.0994108   -1.36034
457 11.590168000 11.614671000  0.124116 -0.246491  -1.27506
458 11.614672999 11.639339999  0.111123 -0.409841  -1.05452
459 11.639339999 11.665359999 -0.0756651  -0.423066  -0.990947
460 11.665360999 11.692480999 -0.140267 -0.274048  -1.22511
461 11.692482000 11.717681000  0.132615 -0.217596  -1.36996
462 11.717681999 11.740870000  0.289119 -0.262467  -1.38524
463 11.740871000 11.765936999  0.214953 -0.265629   -1.3659
464 11.765936999 11.795212999  0.166529 -0.181544  -1.16612
465 11.795216999 11.824713999  0.275041 -0.273831 -0.971098
466 11.824713999 11.854805999 0.305164 -0.29905 -0.87237
467 11.854806999 11.895764999   0.173362 -0.0967297  -0.827026
468 11.895773000 11.991431000  0.103291 -0.063021 -0.276658
469 11.991432999 12.067835000 0.00429473  0.0281166    0.64668
470 12.067835000 12.105831000 -0.0535918    0.11567    1.03493
471 12.105831000 12.136784999 -0.0509795  0.0195338    1.35193
472 12.136784999 12.162242000 -0.154062 0.0515863   1.57309
473 12.162242000 12.185799999 -0.307201  0.139941   1.52505
474 12.185801000 12.209287999 -0.268495   0.10453    1.5293
475 12.209289000 12.232352000 -0.176513 0.0398517   1.66839
476 12.232352999 12.254091999 -0.213425  0.141846   1.64818
477 12.254093000 12.274782999 -0.302236  0.213705   1.60566
478 12.274783999 12.294358999 -0.283002  0.124023   1.75764
479 12.294360000 12.312579999 -0.246022 0.0811688   1.95554
480 12.312579999 12.329513999 -0.308489  0.173667   2.06188
481 12.329514999 12.346026999 -0.392342  0.199722   1.95375
482 12.346026999 12.362269000 -0.386115   0.16645   1.99225
483 12.362269000 12.378579000 -0.267073  0.107733   2.11765
484 12.378579000 12.393953999 -0.195938  0.176652   2.36054
485 12.393953999 12.408807999 -0.222543  0.265126   2.35131
486 12.408807999 12.423551999 -0.290513  0.282025   2.26211
487 12.423551999 12.438777000 -0.328313  0.160494   2.14566
488 12.438778000 12.454205000 -0.318657  0.106182   2.14596
489 12.454205000 12.469648999 -0.287298 0.0687923   2.18602
490 12.469648999 12.484661999 -0.311916  0.088476   2.22952
491 12.484663000 12.499639999 -0.367923  0.223233   2.14078
492 12.499639999 12.514915000 -0.396297  0.211007   2.03046
493 12.514915999 12.531117999 -0.389838  0.126451    1.9485
494 12.531117999 12.548122999  -0.263785 -0.0138854    2.06138
495 12.548122999 12.564268999 -0.180241 0.0457494     2.286
496 12.564268999 12.579513000 -0.200599  0.100496   2.37465
497 12.579513999 12.594139000 -0.254635  0.188135   2.33461
498 12.594142000 12.608848999 -0.263569   0.27675   2.19196
499 12.608849999 12.624522999 -0.18618 0.237365  1.98426
500 12.624524000 12.641294999 -0.130095 0.0805337   1.98401
501 12.641294999 12.657763999 -0.0181502   0.144936    2.05525
502 12.657763999 12.673150999 0.010157  0.24672  2.13136
503 12.673150999 12.688249000 0.0146496  0.307043   2.13175
504 12.688249000 12.702809000 0.0248214  0.370776   2.07846
505 12.702809000 12.717681999 -0.0313939   0.382098    2.04524
506 12.717681999 12.732742999 -0.014414  0.380856   1.91497
507 12.732743999 12.748541999 0.0963855  0.397884     1.776
508 12.748543000 12.764901000 0.284053 0.347278  1.75636
509 12.764901000 12.781690000 0.343261 0.348918  1.71852
510 12.781691000 12.798726999 0.226048 0.364419   1.6414
511 12.798726999 12.816272000 0.0604937  0.394749   1.42173
512 12.816272000 12.839598000 0.0361348  0.180046   1.12548
513 12.839598000 12.867541000 -0.0735565 -0.0220271    1.16112
514 12.867541999 12.888713999 -0.344075 0.0666377    1.3909
515 12.888713999 12.908935999 -0.397759  0.139503   1.30211
516 12.908937000 12.933174000 -0.272958 0.0658194    1.1119
517 12.933175000 12.961208000   -0.320686 -0.00194111    0.936946
518 12.961208000 12.997803000  -0.251765 -0.0191595   0.690512
519 12.997803000 13.049565000  0.0551423 -0.0180567  -0.486163
520 13.049566000 13.071492999   0.247726 -0.0202089   -1.53782
521 13.071492999 13.088468000   0.317109 -0.0725276   -2.00542
522 13.088468000 13.102882000  0.419403 -0.178662  -2.40586
523 13.102883000 13.116307000  0.482646 -0.300748  -2.45967
524 13.116307000 13.129782000 0.507136 -0.30926 -2.31638
525 13.129782000 13.144032999  0.424203 -0.226273  -2.23426
526 13.144034000 13.158965999  0.344216 -0.205598  -2.19994
527 13.158965999 13.173381000  0.326057 -0.241173  -2.23277
528 13.173381000 13.187295999  0.325496 -0.352065  -2.11079
529 13.187295999 13.201603999   0.34122 -0.409426  -1.83403
530 13.201603999 13.217079999  0.232534 -0.394098   -1.6813
531 13.217079999 13.234311000  0.144534 -0.315199   -1.5563
532 13.234312000 13.251427999 0.0969979 -0.234686  -1.73394
533 13.251429000 13.267106000  0.172166 -0.242957  -1.98117
534 13.267106000 13.281903999  0.333331 -0.226938  -2.10222
535 13.281903999 13.296293999  0.437744 -0.168208  -2.16719
536 13.296293999 13.310667000  0.431445 -0.161803   -2.1788
537 13.310667000 13.324767000  0.350083 -0.124307  -2.38697
538 13.324768000 13.338778000  0.268851 -0.121791  -2.48434
539 13.338778000 13.352461000  0.209114 -0.147402  -2.58766
540 13.352461000 13.365826999  0.228776 -0.154888  -2.70147
541 13.365826999 13.379374999  0.221299 -0.185339  -2.67904
542 13.379374999 13.393230999  0.181997 -0.186948  -2.55465
543 13.393230999 13.407872000  0.135394 -0.182674  -2.37559
544 13.407872000 13.423654999 0.0365529 -0.227432  -2.21616
545 13.423656000 13.439538000 0.0207992 -0.183924  -2.25912
546 13.439538999 13.454695000  0.104403 -0.247129  -2.27541
547 13.454695000 13.469602999  0.182213 -0.293731  -2.25674
548 13.469602999 13.484678999   0.31462 -0.246134  -2.19124
549 13.484679999 13.500264000  0.338305 -0.214273  -2.08503
550 13.500264000 13.516270999  0.299432 -0.142277  -2.09979
551 13.516271999 13.532365000  0.243751 -0.098253  -2.17684
552 13.532365000 13.548166999   0.222757 -0.0780364   -2.28728
553 13.548166999 13.563218999   0.342383 -0.0950126   -2.37038
554 13.563218999 13.578422999   0.436499 -0.0984342   -2.35699
555 13.578422999 13.593928000   0.526868 -0.0525781     -2.244
556 13.593928000 13.609855999  0.449069 0.0539584  -2.28807
557 13.609855999 13.626146999 0.314753 0.137529 -2.40327
558 13.626146999 13.641976999 0.300752 0.024774 -2.53158
559 13.641976999 13.657966000   0.372393 -0.0197465   -2.51725
560 13.657966000 13.674736999  0.435044 0.0689437  -2.34858
561 13.674736999 13.693274999  0.438542 0.0658697  -2.05156
562 13.693274999 13.713983000  0.353659 0.0617563  -1.85812
563 13.713985000 13.736087000 0.322123 0.103824 -1.74581
564 13.736088000 13.757554000 0.388603 0.129812 -1.81226
565 13.757554000 13.777142000  0.511466 0.0158264  -2.03221
566 13.777142000 13.795865000   0.609781 -0.0518256   -2.11294
567 13.795865999 13.815160999    0.60356 0.00170129   -1.98019
568 13.815161999 13.835969000  0.466658 0.0857973  -1.94166
569 13.835969999 13.858466999 0.314108 0.112953 -1.88194
570 13.858468000 13.883794000  0.318754 0.0907166  -1.54823
571 13.883794000 13.911236999   0.289436 -0.0623905   -1.41266
572 13.911237999 13.945511999  0.193443 -0.107286  -1.10677
573 13.945511999 13.986156000 -0.0115607  0.0135305   -1.03136
574 13.986157999 14.107989999  0.0345968 -0.0448359 0.00739388
575 14.107989999 14.139123000  -0.17333 -0.235307    1.3419
576 14.139124000 14.160257000 -0.179794 -0.278245   2.18629
577 14.160257000 14.178312000 -0.175451  -0.29413   2.70723
578 14.178312999 14.195479999 -0.254173 -0.242938   2.88505
579 14.195479999 14.212303000  -0.36061 -0.194868   2.92972
580 14.212303999 14.228850000 -0.368295 -0.216273   2.94718
581 14.228851000 14.244687999 -0.269056 -0.233102   3.15537
582 14.244687999 14.259935000 -0.228296 -0.162553   3.36602
583 14.259935999 14.274637000  -0.311566 -0.0503741    3.44266
584 14.274637999 14.289115999 -0.409952 0.0126221   3.36412
585 14.289116999 14.303479999 -0.450776 0.0281817   3.26209
586 14.303481000 14.317884999 -0.495855 0.0769836   3.05789
587 14.317886000 14.332313999 -0.48198 0.166154  2.86091
588 14.332313999 14.347287000 -0.465697  0.229541   2.61256
589 14.347288000 14.362817999 -0.318883  0.215881   2.42966
590 14.362819000 14.378995999 -0.176682  0.229675   2.38659
591 14.378995999 14.395006000 -0.0549584   0.302239    2.31601
592 14.395006000 14.410911000 -0.0398356   0.321348     2.3273
593 14.410911000 14.426786999 -0.111431  0.293558    2.2331
594 14.426786999 14.442635000 -0.0767142   0.144794    2.33858
595 14.442635000 14.458263000 -0.0215355  0.0639616    2.47174
596 14.458263000 14.473314000 0.00572059  0.0907311    2.58144
597 14.473314000 14.488017999 -0.0802741   0.101531    2.57739
598 14.488017999 14.502770000  -0.15554 0.0796987   2.52824
599 14.502770000 14.517597999  -0.107595 0.00842174    2.52465
600 14.517598999 14.532002999  0.0470534 -0.0573467    2.72174
601 14.532002999 14.545757000    0.14434 -0.0279526    2.89645
602 14.545757999 14.558977000 0.124702 0.169061   2.9586
603 14.558977999 14.572048999 0.0185576  0.212252   2.87712
604 14.572048999 14.586165000 -0.129288  0.138147    2.6644
605 14.586166000 14.601298999 -0.158343 0.0220617   2.37086
606 14.601300000 14.616238999 -0.151045 -0.128503   2.55389
607 14.616238999 14.630028999 -0.192995 -0.104081   2.93604
608 14.630028999 14.642324000 -0.304587 0.0481457   3.29306
609 14.642324999 14.654152999 -0.393068  0.180262   3.28586
610 14.654152999 14.666140000 -0.412885  0.269653   3.12627
611 14.666140000 14.678869000 -0.328554  0.290057   2.75472
612 14.678869999 14.692897000 -0.175065  0.255496   2.41796
613 14.692897000 14.708712000 0.00768122  0.0461324    2.36372
614 14.708712000 14.724538000 0.00966032   0.066094    2.36557
615 14.724538000 14.740111999 -0.125564  0.259665   2.12432
616 14.740111999 14.755980000 -0.256903  0.324095   1.79896
617 14.755980000 14.773189999 -0.185663  0.312987   1.63686
618 14.773190999 14.791600999 -0.0963436   0.324345    1.47971
619 14.791602000 14.811524999 -0.120221   0.36191   1.12744
620 14.811524999 14.838167999 -0.283479  0.217967  0.560275
621 14.838167999 14.870935999 -0.219999  0.162761  0.477974
622 14.870937000 14.925513000 0.0380675  0.157704 -0.241022
623 14.925513000 14.958867000   0.18707  0.140454 -0.987517
624 14.958871000 14.981314000 0.145762 0.158795 -1.59989
625 14.981314000 14.998284000  0.231734 0.0565498   -2.1874
626 14.998284000 15.012393999   0.388513 0.00630104   -2.62333
627 15.012393999 15.025364999   0.452057 -0.0512744   -2.94707
628 15.025364999 15.037449000    0.42785 -0.0849319   -3.26367
629 15.037449000 15.049075000   0.449056 -0.0933607   -3.34665
630 15.049075000 15.060571999   0.408594 -0.0945209   -3.41508
631 15.060573000 15.072244000   0.276315 -0.0703777   -3.45228
632 15.072244000 15.083833000  0.219112 -0.099305  -3.45639
633 15.083833000 15.095393000   0.214884 -0.0435713   -3.51421
634 15.095393000 15.106993000   0.314635 -0.0265487   -3.41306
635 15.106993000 15.118355000  0.497584 -0.161904  -3.34962
636 15.118355000 15.129610999  0.668543 -0.278851  -3.17298
637 15.129610999 15.140761000  0.699719 -0.400715  -2.90278
638 15.140765000 15.152423000  0.594871 -0.397107  -2.76049
639 15.152423000 15.165103000  0.452558 -0.335715  -2.57954
640 15.165103999 15.179470999  0.239185 -0.247991  -2.32489
641 15.179471999 15.195482999 0.0245252 -0.219005  -2.14156
642 15.195483999 15.212068999 -0.0876288  -0.334574    -1.9695
643 15.212068999 15.230413999 -0.0197271  -0.319614   -1.70744
644 15.230414999 15.253752000 -0.0223303  -0.236654   -1.22476
645 15.253752999 15.285756999 -0.183588 -0.210274 -0.809023
646 15.285758000 15.363477999 -0.0712074  -0.132366  -0.189695
647 15.363479000 15.530258999 -0.0296015 -0.0496963   0.126796
648 15.530260000 15.814888999 -0.0198005 0.00134933  0.0812652
649 15.814929999 15.942490999 -0.0848835  -0.054734   0.081776
650 15.942496999 15.982258000 -0.113022 -0.363938  0.260276
651 15.982258000 16.002587999 -0.117532 -0.847502   0.49585
652 16.002588999 16.017327000 -0.0388354    -1.3196   0.672333
653 16.017327000 16.029791999 0.0231748  -1.68905  0.761619
654 16.029791999 16.041026000 0.0259994  -1.95214   1.09679
655 16.041026000 16.051620999 0.0396488    -2.208   1.23175
656 16.051620999 16.061893000 -0.0207884   -2.40793    1.37022
657 16.061893000 16.072085000 -0.0992243   -2.55874    1.44386
658 16.072085000 16.082372999 -0.145986  -2.66901   1.52474
659 16.082374000 16.092774000  -0.1425 -2.75496  1.50372
660 16.092774000 16.103561999 -0.133345  -2.76115   1.46691
661 16.103563000 16.114876999 -0.0656135   -2.64215    1.30729
662 16.114876999 16.126948999 0.0280731  -2.55255   1.02227
663 16.126948999 16.139436999 0.0538139   -2.4721  0.733473
664 16.139438000 16.152540999 0.059448 -2.38512 0.501275
665 16.152541999 16.166094000 -0.0255117   -2.36498    0.31202
666 16.166094000 16.181022000 -0.122652  -2.19822  0.166407
667 16.181022000 16.198952000 -0.304126  -1.75381 -0.172585
668 16.198952000 16.222675999 -0.404592  -1.14034 -0.540237
669 16.222676999 16.260218000 -0.254724 -0.571568 -0.966996
670 16.260221000 16.346924000 -0.0980094  0.0307141  -0.432881
671 16.346924000 16.382353999 0.0278329  0.800112 0.0217041
672 16.382353999 16.402783999   0.01552   1.56736 0.0379945
673 16.402785000 16.418977000  0.0177265    2.06931 -0.0806327
674 16.418977000 16.433182000 -0.00098377      2.3723    -0.13902
675 16.433182999 16.445337000 -0.00525399     2.79191   -0.346125
676 16.445337000 16.456306000 -0.00888633     3.16845   -0.424563
677 16.456306000 16.466391000 -0.0294622    3.38412  -0.566718
678 16.466392000 16.475854000 -0.0640096    3.51108  -0.573225
679 16.475854000 16.484663000 -0.00558465     3.66661   -0.544372
680 16.484664000 16.493017999 0.0651866   3.79991  -0.48762
681 16.493017999 16.500970000   0.13872   3.92186 -0.439484
682 16.500970000 16.508542999  0.180967   4.02441 -0.438413
683 16.508542999 16.515783999   0.12352   4.00404 -0.297187
684 16.515783999 16.522926000  0.121132   4.04538 -0.276346
685 16.522926000 16.529749000  0.113731   4.07103 -0.112927
686 16.529749000 16.536578999 0.0776166   4.07728 0.0302136
687 16.536578999 16.543463999  0.132635   4.00787 0.0149762
688 16.543463999 16.550430000  0.0691759    3.78564 -0.0055561
689 16.550430000 16.557511000  0.0707575    3.61287 -0.0517398
690 16.557511000 16.564943999 0.0487305   3.36965 -0.156713
691 16.564949000 16.572615999  0.0786565    3.10163 -0.0905237
692 16.572615999 16.580660000  0.192406   2.83681 -0.207847
693 16.580661000 16.589156999  0.303527   2.51504 -0.435906
694 16.589156999 16.597979000 0.378435   2.2923 -0.33611
695 16.597979000 16.606867000  0.539268   2.16302 -0.289155
696 16.606867000 16.615592999  0.615907   2.22073 -0.172115
697 16.615592999 16.624062000  0.715743   2.24703 -0.143351
698 16.624062999 16.632651999  0.695184   2.19168 -0.235063
699 16.632651999 16.641695999  0.704357   1.96578 -0.279901
700 16.641696999 16.651689000  0.726811   1.56658 -0.332759
701 16.651689000 16.663025000  0.654833   1.25859 -0.259456
702 16.663025000 16.675748000   0.42067   1.13451 -0.450052
703 16.675748000 16.689566000 0.121728  1.13173 -0.51692
704 16.689566000 16.705390000 0.0221586  0.929714  -0.55915
705 16.705390000 16.728178999  0.229953  0.528944 -0.409664
706 16.728184000 16.779057000 -0.00244194   0.0224771  0.00671321
707 16.779058000 16.797685000 -0.182837 -0.887412  0.777979
708 16.797685000 16.811023000 -0.140378  -1.24916  0.918958
709 16.811023000 16.823050999 -0.186742  -1.40015  0.986368
710 16.823056000 16.834522999 -0.304095  -1.44983  0.840509
711 16.834522999 16.845142000 -0.299768    -1.609  0.842005
712 16.845142999 16.854754999 -0.310214  -1.89527  0.872297
713 16.854754999 16.863666000 -0.320079   -2.1627  0.880151
714 16.863666999 16.872106000 -0.296193  -2.42913  0.870985
715 16.872106000 16.880069000 -0.325183  -2.70412  0.932434
716 16.880069000 16.887611999 -0.405109  -2.97348   1.03239
717 16.887611999 16.894844999 -0.476947  -3.20751   1.19189
718 16.894844999 16.902036000 -0.567504  -3.35661   1.29694
719 16.902036999 16.909246999 -0.668277  -3.37854   1.13195
720 16.909248000 16.916576999 -0.714788  -3.41818   1.16676
721 16.916576999 16.923889999 -0.702899  -3.47402   1.30185
722 16.923889999 16.931227999 -0.746328  -3.51848   1.29649
723 16.931227999 16.938505999 -0.696923  -3.61124   1.41852
724 16.938507000 16.945596999 -0.64111 -3.82789  1.43095
725 16.945597999 16.952526999 -0.636307   -3.9856   1.60124
726 16.952526999 16.959372000 -0.517574  -4.16351   1.49072
727 16.959372000 16.966275999 -0.427443  -4.31053   1.50607
728 16.966277000 16.973376999 -0.380047  -4.29268   1.44168
729 16.973376999 16.980748000 -0.327081  -4.24676   1.31756
730 16.980748000 16.988346999 -0.317817  -4.18275   1.21558
731 16.988346999 16.996207999 -0.293972  -4.17649  0.964068
732 16.996207999 17.004367999 -0.269241  -4.16044  0.817155
733 17.004367999 17.012953999 -0.24273 -4.06011 0.490856
734 17.012953999 17.022141000 -0.206293  -3.81311    0.2122
735 17.022141000 17.032462000 -0.119529  -3.30625 -0.174603
736 17.032462000 17.044959999 -0.100532  -2.55814 -0.525872
737 17.044960999 17.062187000 -0.154839  -1.64028 -0.978454
738 17.062187000 17.084774999 -0.295821  -1.10323  -1.31129
739 17.084774999 17.111963999 -0.327945 -0.887506  -1.27719
740 17.111963999 17.170910999 -0.229646  0.108195 -0.774905
741 17.170912000 17.205955999 -0.00670956    0.805634  -0.0582659
742 17.205958000 17.229145999 0.0327679   1.26177   0.16698
743 17.229145999 17.244766999 -0.0728729    2.07529 -0.0277219
744 17.244766999 17.256541000 -0.168249   2.96977 -0.203258
745 17.256541000 17.266571999 -0.200202   3.63256 -0.407534
746 17.266573000 17.275689999 -0.193123   4.03416 -0.480057
747 17.275691000 17.284118999 -0.134041   4.24111 -0.449205
748 17.284118999 17.291988999 -0.0481802    4.36946  -0.456746
749 17.291990000 17.299652000 0.0376728   4.43339 -0.410447
750 17.299652000 17.306942999  0.117943   4.41994 -0.494354
751 17.306942999 17.314122000  0.116228   4.35866 -0.406819
752 17.314123000 17.321142000  0.191823   4.25242 -0.553817
753 17.321142000 17.328009000  0.258971   4.19557 -0.543305
754 17.328009000 17.334797000  0.235971   4.21181 -0.488803
755 17.334797999 17.341536000  0.307969   4.25778 -0.622219
756 17.341536000 17.348093000  0.292605   4.31796 -0.485594
757 17.348093000 17.354580000 0.337863  4.33746 -0.19327
758 17.354580000 17.361004000  0.394412   4.38794 -0.480495
759 17.361004000 17.367367000  0.339322   4.39531 -0.359316
760 17.367368000 17.373700999  0.340635   4.34424 -0.368166
761 17.373700999 17.379934999  0.446441   4.24514 -0.362473
762 17.379934999 17.386334000  0.490193   4.08888 -0.556441
763 17.386334000 17.392922000   0.56759   3.75216 -0.705859
764 17.392922999 17.399848999  0.684861   3.33322 -0.616905
765 17.399848999 17.407269999  0.728867   2.87407 -0.433359
766 17.407269999 17.415132999  0.715886    2.5393 -0.401483
767 17.415132999 17.423402999 0.555787   2.3214 -0.42246
768 17.423402999 17.431983999  0.380206   2.27719 -0.110739
769 17.431984999 17.440579999    0.13396    2.24948 -0.0575499
770 17.440579999 17.449315000 0.00815754    2.21989  0.0353041
771 17.449315000 17.458392999 -0.0332172    2.10049  -0.173331
772 17.458392999 17.468364000 0.00218266    1.87067 -0.0435118
773 17.468365000 17.479425999  0.151252   1.59706 -0.113278
774 17.479425999 17.491518000  0.393166   1.37984 -0.156464
775 17.491518000 17.504488000 0.344414  1.24359 0.121637
776 17.504488000 17.517926000 0.0972255   1.25419 0.0728568
777 17.517926000 17.532077000 -0.0131126    1.19119 -0.0652312
778 17.532077000 17.548460999 0.00757859   0.974588  -0.152188
779 17.548461999 17.569011999 0.0487118  0.745343 -0.116554
780 17.569013000 17.594900999 -0.0999648   0.545446  0.0629514
781 17.594900999 17.637071999 -0.255373 0.0996406  0.365283
782 17.637071999 17.672967999 -0.266697 -0.349007  0.574919
783 17.672969000 17.693568000 -0.180026 -0.797418  0.479733
784 17.693568999 17.708381999 -0.262504  -1.15553  0.522529
785 17.708383000 17.720045999 -0.329093   -1.5972  0.598801
786 17.720047000 17.729859000 -0.348319  -1.99881  0.746795
787 17.729859000 17.738504000 -0.322295  -2.44244  0.925182
788 17.738504000 17.746228000 -0.318463  -2.84099  0.946064
789 17.746228000 17.753499000 -0.304369  -3.17605   1.19155
790 17.753499000 17.760294000 -0.312156  -3.35951   1.33702
791 17.760294000 17.766840999 -0.29734 -3.46254  1.23919
792 17.766840999 17.773424999 -0.328523  -3.47915   1.40638
793 17.773424999 17.780102999 -0.386086  -3.43322   1.42895
794 17.780102999 17.786919000 -0.445227  -3.30317   1.43089
795 17.786919000 17.793856000 -0.523531  -3.24456   1.47454
796 17.793856000 17.800973999 -0.595275  -3.18562   1.45407
797 17.800973999 17.808053000 -0.567709  -3.16327   1.37582
798 17.808054000 17.815063000 -0.539742  -3.28354   1.24779
799 17.815063000 17.822021999 -0.438068  -3.43027   1.18052
800 17.822021999 17.828891000 -0.487895  -3.54593   1.06774
801 17.828891000 17.835655000 -0.435231   -3.6773  0.878742
802 17.835655000 17.842429999 -0.420185  -3.80607  0.840945
803 17.842431000 17.849164999 -0.395239  -3.86134  0.748689
804 17.849165999 17.856018999 -0.415249  -3.85491  0.669029
805 17.856018999 17.863048000 -0.45043 -3.76453 0.526182
806 17.863048000 17.870343000 -0.473611  -3.56637  0.313932
807 17.870343000 17.878043000 -0.482492  -3.26889 0.0264899
808 17.878043000 17.886503000 -0.487782  -2.93855 -0.236882
809 17.886504000 17.895788999 -0.395993  -2.55919 -0.484379
810 17.895790000 17.906207000 -0.421345  -2.18098 -0.845827
811 17.906207999 17.917612000 -0.373288  -1.89375  -1.03056
812 17.917612000 17.929740999 -0.365555  -1.78274  -1.10902
813 17.929741999 17.942251999  -0.32224  -1.77826 -0.969635
814 17.942251999 17.955439000 -0.296309  -1.80465 -0.745091
815 17.955439999 17.968594999 -0.279816   -1.9212 -0.538214
816 17.968594999 17.982292000 -0.292837  -1.93853  -0.37059
817 17.982293000 17.998979000 -0.328072  -1.51615 -0.273757
818 17.998979999 18.028929000 -0.296537 -0.688102 -0.306415
819 18.028930000 18.123907999 -0.0342512  -0.162467  -0.228147
820 18.123909000 18.158532000  0.0310754   0.793201 -0.0993513
821 18.158532000 18.178997000 -0.0387787      1.201 -0.0785019
822 18.178997000 18.194777999 -0.00833629     1.63305  -0.0677111
823 18.194777999 18.207635999 -0.0152858    2.10702   -0.19557
824 18.207635999 18.218506000 0.0329958   2.58708 -0.219245
825 18.218506000 18.227935000 0.0408103   3.05704 -0.204988
826 18.227935999 18.236358999 0.0543297    3.4455 -0.223799
827 18.236360000 18.244193000  0.108016   3.76417 -0.158056
828 18.244193000 18.251506999  0.099799   3.93355 -0.204353
829 18.251506999 18.258553999  0.16873  4.04835 -0.15964
830 18.258553999 18.265340999    0.15048    4.09769 -0.0595028
831 18.265340999 18.272107000  0.162069   4.13974 0.0248209
832 18.272107999 18.278795000  0.155785   4.12625 0.0781818
833 18.278795000 18.285326000  0.122115   4.16587 0.0357838
834 18.285327000 18.291828999 0.133561  4.15942 0.122298
835 18.291828999 18.298353999 0.133816  4.15781 0.227376
836 18.298353999 18.304732000  0.134328   4.14835 0.0991422
837 18.304732000 18.311068999 0.136307  4.06574 0.320626
838 18.311068999 18.317317000 0.171124  3.95026 0.208966
839 18.317317000 18.323790000 0.215616  3.80693 0.188569
840 18.323790000 18.330346999 0.326514   3.6045 0.256543
841 18.330346999 18.337150000   0.493658    3.28864 -0.0242916
842 18.337150000 18.344465999   0.684171    2.78762 -0.0691649
843 18.344465999 18.352614000   0.764808    2.24258 0.00914933
844 18.352614000 18.361679000 0.692302  1.79664 0.148361
845 18.361679000 18.371760000  0.53823  1.53031 0.287146
846 18.371760999 18.382246000 0.231101  1.59195 0.183928
847 18.382250999 18.393136999 0.0974248    1.5053  0.028627
848 18.393136999 18.405719000    0.0354894      1.20629 -0.000100886
849 18.405720000 18.424047000    0.127778    0.741091 -0.00468209
850 18.424048000 18.466087000 -0.0349147   0.184047  -0.013612
851 18.466087000 18.496909000 -0.288061 -0.221908 -0.126197
852 18.496909000 18.527658000  -0.196712  -0.313017 -0.0734222
853 18.527658000 18.553925999  -0.201137  -0.421074 -0.0242731
854 18.553925999 18.581221999 -0.0227281  -0.461383  0.0075194
855 18.581221999 18.609609000  -0.161576  -0.389835 -0.0653868
856 18.609609999 18.634896000  -0.205788  -0.429408 -0.0113472
857 18.634896000 18.657774999 0.00237408  -0.572218  0.0946144
858 18.657774999 18.676356000 0.00929524  -0.721725   0.196606
859 18.676356000 18.695784999  -0.07179 -0.671505  0.240291
860 18.695784999 18.717674000 -0.190041 -0.539759  0.242953
861 18.717674999 18.738012000 -0.180895 -0.624033  0.134681
862 18.738013000 18.755280999 -0.0968246  -0.818132  0.0693669
863 18.755280999 18.771430999 -0.241252 -0.875855 0.0950689
864 18.771430999 18.789109999  -0.375918  -0.669429 -0.0265519
865 18.789111000 18.810601000 -0.392534 -0.404605 -0.103687
866 18.810601000 18.836097999 -0.217665  -0.42496 -0.205515
867 18.836098999 18.859104999  -0.119629  -0.569274 -0.0412028
868 18.859105999 18.881358999  -0.250569  -0.543776 -0.0203107
869 18.881358999 18.916389000  -0.210816  -0.262061 -0.0810634
870 18.916389999 18.961636999 -0.0307108  -0.282258  -0.045586
871 18.961637999 18.997425999 -0.0422951  -0.375987  0.0441211
872 18.997425999 19.038852000  0.176325 -0.215893  0.160864
873 19.038852000 19.058285000   0.58154 -0.297113  0.246947
874 19.058286000 19.071903999  0.904529 -0.392517  0.427185
875 19.071905000 19.083045999   1.30524 -0.309984  0.504313
876 19.083045999 19.092719999    1.6587 -0.168464  0.493401
877 19.092719999 19.101491999    1.9166 -0.116573  0.419091
878 19.101491999 19.109695999     2.1985 -0.0837117   0.431312
879 19.109695999 19.117430999    2.38121 0.00713675   0.268466
880 19.117431999 19.124948999    2.56803 -0.0062187   0.256767
881 19.124948999 19.132225999   2.80664 0.0362895  0.211643
882 19.132225999 19.139265000    2.97448 -0.0211093   0.200674
883 19.139265000 19.146240999    3.12121 -0.0315587   0.141459
884 19.146241999 19.153208999    3.20005 -0.0334936   0.116293
885 19.153208999 19.160310000    3.28097  -0.050086 -0.0285801
886 19.160310000 19.167565999     3.2584 -0.0460537 -0.0545882
887 19.167567000 19.175187000     3.2312 -0.0677854   -0.13081
888 19.175187000 19.183182999    3.16268 -0.0525202 -0.0725629
889 19.183182999 19.191712999    3.03475 -0.0331696  -0.113806
890 19.191712999 19.200777999    2.86029 -0.0115334  -0.078203
891 19.200777999 19.210838000   2.62212 0.0277895 -0.123309
892 19.210838999 19.222370000   2.28022 0.0496908 -0.194824
893 19.222370000 19.236258999   1.82763  0.121329 -0.141006
894 19.236258999 19.253790999     1.3222   0.250854 -0.0220257
895 19.253790999 19.278864999 0.831044 0.118738 0.262977
896 19.278872999 19.331740999 0.0147607 0.0869262  0.138446
897 19.331740999 19.347769999   -1.58661  0.0660951 -0.0853369
898 19.347769999 19.359121999  -2.37446  0.120223 -0.107043
899 19.359121999 19.368778000  -2.90112  0.183443 -0.250517
900 19.368778000 19.377432999   -3.2597  0.156728 -0.403426
901 19.377432999 19.385394000  -3.51203  0.126838 -0.389891
902 19.385395000 19.392797000  -3.68716  0.128394 -0.410858
903 19.392797000 19.399910999  -3.77865 0.0983491 -0.379759
904 19.399911999 19.406723999  -3.85542 0.0921429 -0.315089
905 19.406723999 19.413268000  -3.84181 0.0959299 -0.274621
906 19.413268000 19.419452999   -3.8718 0.0910918 -0.296243
907 19.419452999 19.425561000  -3.84177 0.0587771 -0.341685
908 19.425561000 19.431579999   -3.89002 0.00597748  -0.373098
909 19.431581000 19.437419999   -3.84646 -0.0484335  -0.222824
910 19.437419999 19.443319000  -3.87343  -0.10428 -0.309625
911 19.443319000 19.449178999   -3.81357 -0.0726653  -0.265126
912 19.449178999 19.454946999  -3.85217 -0.120306 -0.236674
913 19.454946999 19.460672000  -3.85075 -0.230144 -0.269526
914 19.460672000 19.466364999  -3.94154 -0.196823  -0.22058
915 19.466364999 19.472112000  -3.97596 -0.160338 -0.231163
916 19.472112000 19.477745999  -4.09888  -0.12467 -0.300641
917 19.477745999 19.483378000   -4.15498 -0.0596902  -0.424932
918 19.483378000 19.488918000    -4.21283 -0.00992369   -0.470752
919 19.488918000 19.494477999  -4.27099 0.0142256 -0.522928
920 19.494477999 19.500002999   -4.29803 0.00215257  -0.576896
921 19.500002999 19.505549000    -4.29033 0.000493243   -0.695028
922 19.505549000 19.511082000  -4.27041  0.010791 -0.746107
923 19.511082000 19.516764000    -4.14492 -0.00101095   -0.958225
924 19.516764000 19.522505000 -3.98774 -0.05103 -1.11325
925 19.522505000 19.528518999  -3.79319 -0.019569  -1.05053
926 19.528518999 19.534857000   -3.60827 -0.0445199   -1.04675
927 19.534857999 19.541590999   -3.37859 -0.0671943   -1.01779
928 19.541590999 19.548840999   -3.14957 -0.0753272   -1.13176
929 19.548841999 19.556741999   -2.90463 -0.0814637   -1.10142
930 19.556741999 19.565260000 -2.63583 -0.12102 -1.08423
931 19.565260000 19.574685999  -2.35954 -0.141571 -0.912853
932 19.574686999 19.584960000   -2.03926 -0.0953497  -0.706618
933 19.584960999 19.596700999  -1.70787 0.0117256 -0.522145
934 19.596700999 19.611202000    -1.2713 -0.0165079  -0.190133
935 19.611202999 19.631928000  -0.780229 -0.0944714   0.158546
936 19.631928000 19.677784999 0.0670736 -0.109436  0.543831
937 19.677786000 19.694263999 1.19034 -0.3076 0.72477
938 19.694263999 19.706310999  1.74661  -0.3362 0.701163
939 19.706310999 19.716709000     2.159 -0.259702  0.660997
940 19.716709000 19.726028999   2.49558 -0.185319   0.65617
941 19.726028999 19.734504000   2.80109 -0.120268  0.485005
942 19.734504000 19.742382999    3.08153 -0.0606693   0.480258
943 19.742382999 19.749729999    3.36641 -0.0820605   0.536634
944 19.749729999 19.756616000     3.5439 -0.0314583    0.40219
945 19.756616000 19.763218000    3.67663 -0.0224212    0.40077
946 19.763218999 19.769457999    3.82207 -0.0495322   0.297408
947 19.769457999 19.775553000    3.87761 -0.0770697   0.327638
948 19.775553000 19.781567999    3.93585 -0.0861988   0.297588
949 19.781567999 19.787573000  3.99213 -0.17091 0.321299
950 19.787573000 19.793573999   3.98334 -0.180608  0.329617
951 19.793573999 19.799517000   4.03307 -0.175179  0.275365
952 19.799518000 19.805410000   3.99499 -0.237857  0.195697
953 19.805410000 19.811282999   4.01311 -0.207341  0.144091
954 19.811282999 19.817113999   4.06054 -0.259862  0.232074
955 19.817113999 19.822929999   4.11285 -0.176249  0.077065
956 19.822929999 19.828759000    4.10748 -0.0952371  0.0934144
957 19.828759000 19.834546999   4.08522 -0.108698  0.100448
958 19.834546999 19.840361000    4.04166 -0.0546051  0.0615372
959 19.840361000 19.846212000    4.04194  0.0322937 -0.0935174
960 19.846213000 19.852224999   3.96185 0.0567346 -0.104721
961 19.852224999 19.858375999   3.87089 0.0929297 -0.125654
962 19.858376999 19.864723000   3.73585  0.148574 -0.155461
963 19.864723000 19.871377000    3.56534   0.100342 -0.0165227
964 19.871377000 19.878350000    3.40259  0.0666277 -0.0833083
965 19.878350000 19.885820999    3.18209  0.0383605 0.00224709
966 19.885820999 19.893931999    2.94246 -0.0312417  0.0256037
967 19.893931999 19.902999000    2.64071 -0.0734177  0.0802083
968 19.902999000 19.912953000    2.33825 -0.0962271   0.097744
969 19.912953000 19.924185000   2.05793 -0.100059  0.174122
970 19.924186000 19.936569000    1.84903 -0.0125973   0.206197
971 19.936569000 19.950156999   1.75717 0.0368464  0.189518
972 19.950158000 19.965116000   1.60991 0.0286394 0.0922378
973 19.965116000 19.982935000     1.30424 -0.00333802   0.0365023
974 19.982935000 20.006207999  0.923332 -0.044345 0.0953208
975 20.006209000 20.057121000 0.0684993 -0.125508  0.159439
976 20.057121000 20.077294999  -1.23239 0.0696703 -0.044624
977 20.077294999 20.091178999  -1.73436  0.483916 -0.113401
978 20.091180000 20.102541000  -2.15293  0.668344 -0.195986
979 20.102541000 20.112256000  -2.56448  0.802324 -0.149086
980 20.112256000 20.120668000  -3.01383  0.893484 -0.122263
981 20.120668000 20.128110999  -3.49243  0.927516 -0.202367
982 20.128110999 20.134935000   -3.92713   0.968962 -0.0617112
983 20.134935000 20.141149000  -4.39548  0.907714 -0.108519
984 20.141149000 20.146887999   -4.8193  0.585891 -0.151241
985 20.146887999 20.152250000  -5.16847  0.252244 -0.135706
986 20.152250999 20.157351999  -5.41302  0.199582 -0.185049
987 20.157351999 20.162270999   -5.6219  0.151483 -0.168376
988 20.162272000 20.167070000  -5.72671 0.0801651 -0.144688
989 20.167070000 20.171781999  -5.73888 0.0949938 -0.203884
990 20.171781999 20.176470999  -5.78301  0.122115 -0.429059
991 20.176470999 20.181167000    -5.758  0.138058 -0.439196
992 20.181167000 20.185843999  -5.71626  0.158008 -0.556646
993 20.185844999 20.190629000  -5.59331  0.196759 -0.544183
994 20.190629000 20.195457000  -5.49783  0.137661 -0.538936
995 20.195457000 20.200431000  -5.23161 0.0899894  -0.53018
996 20.200431000 20.205567000   -4.9805 0.0514606 -0.680767
997 20.205567000 20.210832999  -4.71395 -0.032542 -0.709623
998 20.210832999 20.216257000  -4.45826 0.0330614  -0.81931
999 20.216257000 20.221928999   -4.14007 -0.0405068  -0.722209
1000 20.221928999 20.227683999   -3.93658 -0.0518392  -0.833488
1001 20.227685000 20.233701999   -3.66866 -0.0521213  -0.786391
1002 20.233701999 20.240008999  -3.44142 -0.105852 -0.914294
1003 20.240008999 20.246695000   -3.3203 -0.200504  -1.00974
1004 20.246695999 20.253690000  -3.22436 -0.253525  -1.09223
1005 20.253690000 20.260896000   -3.1726 -0.308113 -0.945852
1006 20.260896999 20.268483999  -3.12224  -0.33904 -0.976186
1007 20.268483999 20.276389000  -3.06474 -0.294162 -0.985111
1008 20.276389000 20.284668999  -2.95492 -0.230441 -0.895476
1009 20.284670000 20.293366999  -2.74864 -0.138283 -0.688498
1010 20.293366999 20.302620000   -2.50309 -0.0911273  -0.575575
1011 20.302620000 20.313180999   -2.15952 -0.0626504  -0.429618
1012 20.313180999 20.326168000  -1.60348 0.0490072  -0.38388
1013 20.326168999 20.347948999  -0.789612  0.0821797 -0.0890307
1014 20.347948999 20.384859000  0.394751 0.0020847  0.541274
1015 20.384859000 20.401289999    1.1965 -0.237308  0.561783
1016 20.401289999 20.414961000   1.49518 -0.186805  0.645821
1017 20.414961000 20.427086000    1.74641 -0.0887003   0.677598
1018 20.427086000 20.437972000   1.99513 0.0450874  0.787162
1019 20.437972999 20.447667000  2.33199 0.116545 0.800836
1020 20.447667000 20.456438999   2.65908 0.0915819  0.698077
1021 20.456438999 20.464453000   2.95694 0.0611823  0.451883
1022 20.464453000 20.471789000    3.28372 -0.0593771   0.342154
1023 20.471789000 20.478477000   3.64951 -0.124418  0.245296
1024 20.478477000 20.484720999   3.93769 -0.286947  0.254512
1025 20.484720999 20.490643000   4.14489 -0.389559  0.162086
1026 20.490643000 20.496263999   4.35186 -0.436592  0.233075
1027 20.496263999 20.501827999   4.46269 -0.437437  0.167969
1028 20.501827999 20.507378000   4.51437 -0.555876  0.222094
1029 20.507378000 20.512945000    4.53977  -0.312923 -0.0182917
1030 20.512945000 20.518506999      4.5084   -0.272842 -0.00507421
1031 20.518506999 20.524115000   4.44406 -0.168246 0.0512423
1032 20.524115000 20.529834000    4.28009 -0.0580053 0.00584777
1033 20.529834000 20.535644000     4.1288 -0.0423554  0.0755712
1034 20.535644000 20.541576999    3.98722 -0.0194839    0.13274
1035 20.541576999 20.547637000    3.80494  0.0104599 -0.0415066
1036 20.547637000 20.553758999    3.65639  0.0576128 -0.0332239
1037 20.553758999 20.559972999   3.56555 0.0559005 -0.173425
1038 20.559972999 20.566328999   3.49601 0.0674836 -0.111607
1039 20.566329999 20.572822000    3.44336  0.0855537 -0.0790613
1040 20.572822000 20.579476999   3.37236 0.0758568 0.0660413
1041 20.579476999 20.586301999    3.3221 0.0647946 0.0594659
1042 20.586301999 20.593285000   3.26107 0.0741764 0.0943189
1043 20.593285000 20.600492999   3.18364 0.0762301  0.045842
1044 20.600492999 20.607963000   3.10288 0.0280358 0.0577658
1045 20.607963000 20.615660999   3.06634 0.0147779  0.111879
1046 20.615661999 20.623813999     3.01346 -0.00996474    0.162768
1047 20.623813999 20.632268999   2.97091 -0.028359  0.133071
1048 20.632268999 20.641180000    2.91966 0.00251377   0.128833
1049 20.641180999 20.650740000  2.75818  0.01243 0.193607
1050 20.650740000 20.661442000  2.47895  0.02046 0.209821
1051 20.661442000 20.674127999   2.03039 0.0533679  0.136188
1052 20.674127999 20.690177000   1.49925 0.0332034  0.101253
1053 20.690177000 20.709773999     1.15822 -0.00603712    0.162215
1054 20.709773999 20.731111000    1.06722 -0.0185843    0.31799
1055 20.731111000 20.759368000   0.76118 -0.086642   0.50696
1056 20.759368000 20.806626000 -0.170869 -0.230831  0.745453
1057 20.806626000 20.827395999  -1.21963 0.0904403  0.282417
1058 20.827397000 20.841838000   -1.71574   0.410815 -0.0289749
1059 20.841838000 20.853899000   -2.09488    0.53455 -0.0748299
1060 20.853899000 20.864526000   -2.46226   0.485605 -0.0913697
1061 20.864527000 20.874055999  -2.85903  0.359061 0.0312125
1062 20.874055999 20.882581999  -3.22581  0.200392 0.0658583
1063 20.882582999 20.890143000     -3.61883     0.256235 -4.49182e-05
1064 20.890143000 20.897070999 -3.95938 0.438368 0.096126
1065 20.897070999 20.903460999   -4.36871   0.472206 -0.0663097
1066 20.903462000 20.909320000 -4.72284 0.664086 -0.11993
1067 20.909320000 20.914754000  -5.08033  0.643434 -0.311226
1068 20.914754000 20.919875000  -5.31904  0.586875 -0.326295
1069 20.919875000 20.924791000  -5.56899  0.632431 -0.512086
1070 20.924791000 20.929577000   -5.8305  0.532813 -0.507921
1071 20.929577000 20.934270000  -5.95953  0.514603 -0.637303
1072 20.934270000 20.938822000 -6.10478 0.406131 -0.67848
1073 20.938822000 20.943371000  -6.18819  0.345893 -0.760662
1074 20.943371000 20.947867999  -6.18579  0.372945 -0.909592
1075 20.947867999 20.952464000  -6.18513  0.352562 -0.927449
1076 20.952464000 20.957116000  -6.11608  0.369951 -0.912874
