1 0.016667000 0.344198000 -0.0316903  0.0135205 -0.0152594
2 0.344213000 0.408621999  0.068729 -0.268055 0.0316763
3 0.408621999 0.459419000 0.0373001 -0.256934 0.0164034
4 0.459424000 0.495217000   0.148198  -0.408463 -0.0139134
5 0.495217999 0.539194999  0.127118 -0.285413 0.0707596
6 0.539199000 0.586677000  0.0275802  -0.346216 -0.0897185
7 0.586677999 0.624788000 -0.0237581  -0.478143   -0.19275
8 0.624788000 0.654095999 0.0726126 -0.603335 -0.160215
9 0.654099000 0.682494000   0.084282  -0.600723 -0.0376731
10 0.682494999 0.712389999 -0.112802 -0.611493 0.0836856
11 0.712389999 0.744272999 -0.152017 -0.554863  0.137851
12 0.744272999 0.777371000 -0.0844849  -0.569572  0.0809717
13 0.777374999 0.825039999  -0.063115  -0.361669 -0.0714138
14 0.825039999 0.861147000 -0.0476643  -0.485681  -0.333143
15 0.861147000 0.898462000  -0.114107  -0.483645 -0.0349862
16 0.898464000 0.939781999 -0.118082 -0.373368 0.0345877
17 0.939783999 0.976670000 -0.0753057  -0.473856  0.0134104
18 0.976670000 1.024858000 -0.0925308  -0.360698  0.0165448
19 1.024858000 1.068251000  -0.084644  -0.423461 -0.0807872
20 1.068255000 1.122980000 -0.0641222  -0.278892 -0.0548671
21 1.122982999 1.163328999 -0.0856689  -0.424952 -0.0334473
22 1.163332000 1.232165999 -0.0603138  -0.266463  0.0563416
23 1.232174000 1.416183999 -0.0411414 -0.0207198 -0.0796097
24 1.416185000 1.623478999 -0.0580209   0.135431 0.00114589
25 1.623478999 1.676577000 0.00447215   0.382388  -0.165132
26 1.676579000 1.714954000 -0.078804  0.526322 -0.106648
27 1.714954000 1.751028999  -0.11564  0.496698 -0.101898
28 1.751030000 1.792543000 -0.0822843   0.459764  0.0348005
29 1.792543999 1.836252999 -0.0544796   0.387159  0.0100243
30 1.836252999 1.871911000 -0.0890855   0.523197 -0.0261911
31 1.871912000 1.904908000 0.0181301  0.559219 -0.216582
32 1.904909000 1.931196000  0.114742  0.705379 -0.147381
33 1.931196999 1.956595999  0.112718  0.736225 -0.120891
34 1.956597000 1.983266000   -0.15235   0.688523 -0.0697571
35 1.983266999 2.006038000  -0.24652  0.695298 0.0519753
36 2.006038000 2.024903999   -0.318576    0.817888 -0.00970014
37 2.024903999 2.044480000 -0.272713  0.803517 -0.110428
38 2.044480000 2.067152999  -0.241348   0.723486 -0.0160058
39 2.067152999 2.090571000  -0.128313   0.751868 -0.0982099
40 2.090572000 2.113317999 -0.0297175   0.823275  -0.240974
41 2.113319000 2.134679000 0.0176149   0.85036 -0.359251
42 2.134679000 2.155896000 -0.128965  0.848008 -0.266054
43 2.155896000 2.179714999 -0.149143  0.681463 -0.128438
44 2.179717000 2.205888999  -0.129521   0.622782 -0.0567979
45 2.205888999 2.234527999  -0.0714747     0.60553 -0.00657508
46 2.234529000 2.272318000  -0.10247  0.477684 0.0581634
47 2.272318000 2.302562000 -0.182188  0.584298 0.0221886
48 2.302566999 2.324935000 -0.137657  0.757389 -0.116612
49 2.324935000 2.345001999 -0.0121991   0.892295  -0.369663
50 2.345003000 2.364960000 -0.0152768    0.90973  -0.326203
51 2.364962000 2.388227999  -0.084107   0.700102 -0.0665122
52 2.388227999 2.410320999 -0.131506  0.741292 0.0158871
53 2.410320999 2.430465999 -0.188974  0.794415 0.0179527
54 2.430465999 2.455092000 -0.180726    0.6193 0.0710836
55 2.455092999 2.481864999 -0.114735  0.621724   0.30348
56 2.481866000 2.506517000 -0.0501271   0.603392   0.294241
57 2.506517999 2.540127999 0.0134206   0.44148  0.254435
58 2.540129000 2.573479000 0.0854184  0.462836  0.147054
59 2.573480999 2.608727999  0.10081 0.466519 0.108357
60 2.608729000 2.636317999 0.104819 0.556478 0.114175
61 2.636319000 2.658896000 -0.116694  0.656873 0.0173117
62 2.658896999 2.680274000 -0.130802  0.799575 0.0100342
63 2.680275000 2.703955999  0.119703  0.623908 0.0405449
64 2.703955999 2.729525000  0.199936  0.577908 0.0676907
65 2.729528999 2.763895999  0.11326 0.415843 0.128314
66 2.763895999 2.799861999  -0.120726   0.404898 -0.0175255
67 2.799861999 2.824441000  0.246395  0.660402 -0.196764
68 2.824441999 2.856562000  0.239338  0.352527 -0.140326
69 2.856562999 2.891503000 -0.0820455   0.432399 0.00532644
70 2.891503000 2.923498999  -0.159684   0.427607 -0.0123661
71 2.923505000 3.054287999 -0.0175689  -0.144954   0.100023
72 3.054292000 3.100023000 -0.156592 -0.318062  0.105019
73 3.100023000 3.126096000 -0.167019 -0.644816   0.13174
74 3.126096999 3.142991000 -0.340497 -0.984397  0.240903
75 3.142991999 3.160693999 -0.375272 -0.901465  0.311604
76 3.160695000 3.180189999 -0.282665 -0.792912  0.183727
77 3.180189999 3.195760000 -0.226361  -1.17396  0.189734
78 3.195760000 3.208906000 -0.243588  -1.38945  0.162491
79 3.208907000 3.221956999 -0.131584  -1.40831  0.555987
80 3.221958000 3.236238999 -0.170177  -1.22623  0.453778
81 3.236238999 3.250837000 -0.182163   -1.1889  0.221805
82 3.250837000 3.264791000 -0.233073  -1.31611  0.205673
83 3.264791000 3.279735000 -0.186461  -1.16936 0.0154541
84 3.279735000 3.295296000  0.148959   -1.0683 0.0119902
85 3.295296999 3.310036999  0.239098  -1.11574 0.0376092
86 3.310038000 3.323427999 0.253013 -1.31532 0.131857
87 3.323427999 3.336328999 0.245404 -1.38413 0.166709
88 3.336328999 3.350234000 0.182155 -1.30034 0.174811
89 3.350234000 3.365980000 0.137494 -1.16359 0.148982
90 3.365980999 3.383490999 0.0877762 -0.974782 -0.231896
91 3.383492000 3.399300000  0.066769  -1.02903 -0.447448
92 3.399300000 3.413206000  0.211161  -1.28605 -0.174464
93 3.413207000 3.427573000  0.222257  -1.20783 0.0274268
94 3.427574000 3.443557000  0.183688  -1.05578 0.0540509
95 3.443559000 3.459581000   0.19365  -1.11262 -0.028759
96 3.459581000 3.474074999  0.202238   -1.2549 -0.272531
97 3.474074999 3.488789999   0.209738    -1.2156 -0.0330271
98 3.488789999 3.504948000  0.242953  -1.11367 0.0981398
99 3.504949000 3.524043000 0.0432136 -0.978968  0.251264
100 3.524043000 3.551444000  -0.134147  -0.585296 -0.0993846
101 3.551444000 3.577574000 -0.152287 -0.631999 -0.147687
102 3.577576999 3.605012999 -0.120541 -0.645525 0.0568192
103 3.605012999 3.643504000 -0.0651922  -0.413733  -0.108861
104 3.643504000 3.673873999   0.057318  -0.540218 -0.0564962
105 3.673873999 3.702809999 -0.045535 -0.609331 0.0763137
106 3.702811000 3.732903999 -0.0259472  -0.631911   0.107082
107 3.732903999 3.766849999 -0.0991764  -0.522079  0.0697473
108 3.766850999 3.792811999  -0.105123   -0.72499 -0.0478823
109 3.792814000 3.821025999 -0.0731703  -0.677443   0.135853
110 3.821026999 3.854072999  -0.164596  -0.523487 -0.0430242
111 3.854072999 3.881617000  -0.189431  -0.665897 -0.0177385
112 3.881617000 3.913700000 -0.145212 -0.594781 0.0305276
113 3.913702000 3.973582999 -0.120749 -0.273346 -0.140979
114 3.973585999 4.028397999 -0.115585 -0.330542  0.103936
115 4.028418999 4.168455999 -0.0270692 -0.0383737 -0.0214669
116 4.168457000 4.292270999  0.0172175      0.125 0.00367288
117 4.292272000 4.332518999 -0.0714919   0.493202 -0.0966679
118 4.332518999 4.365254999 -0.0625662   0.642357  0.0260593
119 4.365256000 4.391133999 -0.0597922   0.758992 -0.0799202
120 4.391135000 4.416681000 0.00120881   0.766736  -0.267247
121 4.416681999 4.441395000  -0.117127   0.746134 -0.0499176
122 4.441395000 4.463229000  -0.153076   0.881799 -0.0674325
123 4.463229999 4.482526999  -0.197291   0.959417 -0.0763555
124 4.482528000 4.500726000  -0.177166    1.04979 -0.0682011
125 4.500726000 4.517884000 0.0121368   1.11695 -0.363025
126 4.517884000 4.535201000 0.0664776   1.08555 -0.373973
127 4.535202000 4.554722999  0.154717  0.960204 -0.351535
128 4.554722999 4.577603999  0.181138  0.810457 -0.226206
129 4.577603999 4.599657000  0.119408  0.836091 -0.200676
130 4.599657000 4.618347999 0.0639175    1.0801 -0.379414
131 4.618349000 4.635749999 0.103352  1.08217 -0.41378
132 4.635750999 4.652813000  0.205118   1.11217 -0.299696
133 4.652813000 4.670054999  0.170074   1.05439 -0.327436
134 4.670054999 4.687619999  0.114639   1.08526 -0.478713
135 4.687621000 4.704494999  -0.19805   1.03992 -0.232977
136 4.704494999 4.720257999  -0.26125    1.1541 -0.126851
137 4.720257999 4.734774999 -0.254251   1.21357 -0.154092
138 4.734774999 4.749064000 -0.236196   1.26917 -0.265729
139 4.749065000 4.764568000 -0.140178   1.18062 -0.294579
140 4.764568000 4.782215000 0.0507386   1.05856 -0.360859
141 4.782216000 4.803153999    0.15491   0.782181 -0.0559587
142 4.803153999 4.827005999  0.129946  0.679749 -0.050885
143 4.827007000 4.850389000 -0.0918738   0.662978   0.105613
144 4.850389999 4.874821000 -0.0974671   0.687212  -0.128567
145 4.874822000 4.896513000  0.101113   0.77876 -0.138673
146 4.896513000 4.916333000 0.0372087  0.902224 -0.357725
147 4.916333999 4.938198000 -0.0148739   0.749309   -0.32158
148 4.938198000 4.963405000  0.0783514    0.66845 -0.0794102
149 4.963405000 4.998241999 -0.0562217   0.440962   0.128515
150 4.998241999 5.034283999 -0.0407853   0.404986   0.230633
151 5.034283999 5.075834000 -0.0947272   0.362031   0.120524
152 5.075834999 5.102518999 -0.236588  0.514257  0.195644
153 5.102518999 5.132035999 -0.301172  0.396801   0.19217
154 5.132035999 5.263700000 -0.00200395  -0.0450822  -0.0411345
155 5.263704000 5.339667999 -0.0423711  -0.159323  -0.117294
156 5.339667999 5.368308000 0.0939898 -0.549296 0.0236336
157 5.368308000 5.388617999 -0.0139635  -0.826821   0.183004
158 5.388617999 5.405877000  0.186206 -0.994149  0.224705
159 5.405877999 5.421220999  0.22201 -1.15395 0.244701
160 5.421220999 5.436346999 0.216447 -1.11515 0.172328
161 5.436346999 5.452683999 0.220693 -1.06931   0.1374
162 5.452683999 5.471071000  0.174738 -0.855523 0.0557088
163 5.471074999 5.491020000   0.165737  -0.784809 -0.0129571
164 5.491020000 5.513970999   0.156677  -0.642685 -0.0281366
165 5.513970999 5.546787000    0.113688   -0.470191 -0.00225901
166 5.546789000 5.608352999 -0.0136466  -0.266698   0.132261
167 5.608354999 5.724007999  -0.027906  -0.143899 -0.0979403
168 5.724009000 5.766463999   0.253824  -0.240445 0.00525946
169 5.766465000 5.800330000  0.402066 -0.211183  0.131336
170 5.800331000 5.825395999  0.566475 -0.213251 0.0323052
171 5.825397000 5.844372999  0.806039 -0.336951 0.0361837
172 5.844372999 5.862062000   0.897185  -0.277083 -0.0219772
173 5.862062000 5.879879000    0.96976  -0.220315 0.00942986
174 5.879880000 5.897320000    1.0238 -0.202127 -0.122671
175 5.897320000 5.913131999   1.17448 -0.307445 -0.182751
176 5.913131999 5.928642000   1.16011  -0.31372 -0.155974
177 5.928642000 5.944317999   1.19926  -0.25004 0.0426996
178 5.944317999 5.961214000    1.18808  -0.205746 -0.0515818
179 5.961214000 5.979006999     1.1443  -0.223553 -0.0542483
180 5.979006999 5.996204999    1.13251   -0.27887 -0.0125038
181 5.996204999 6.014417999   1.15615  -0.24186 0.0174644
182 6.014419000 6.034585000   1.13654  -0.17594 0.0931962
183 6.034585999 6.056179999     1.097 -0.179895 0.0931662
184 6.056179999 6.079105000   0.98456 -0.234499  0.116184
185 6.079105999 6.105475999  0.845468 -0.211467 0.0137346
186 6.105475999 6.135980000   0.794697  -0.147012 -0.0107687
187 6.135980999 6.172019999    0.671735  -0.0909269 -0.00282335
188 6.172019999 6.214117000    0.604673  -0.0913529 -0.00619389
189 6.214117999 6.374451000  0.0410072  0.0285224 -0.0547999
190 6.374454000 6.413256000 -0.692119  0.181949 -0.193596
191 6.413256999 6.445802000 -0.835024  0.133335 -0.203215
192 6.445802999 6.471280000  -1.07115  0.201689 -0.229633
193 6.471280000 6.495528000  -1.02982  0.156967 -0.285175
194 6.495528999 6.520509000 -0.941682  0.129705  -0.24412
195 6.520509999 6.542436000   -1.04861   0.175683 -0.0927933
196 6.542436999 6.561147000   -1.2448  0.178147 -0.092797
197 6.561149000 6.578597000   -1.27891   0.224162 -0.0329374
198 6.578597000 6.595589000    -1.24869     0.25895 -0.00395622
199 6.595589000 6.612731000  -1.19251  0.243606 0.0704228
200 6.612731000 6.629345000   -1.23256   0.216769 -0.0708944
201 6.629346000 6.645103000   -1.28932   0.205813 -0.0254047
202 6.645103000 6.660259000  -1.33241   0.24259 0.0717082
203 6.660259999 6.674994999  -1.31294  0.230005 0.0790414
204 6.674996000 6.689190999  -1.39929  0.192276 0.0642597
205 6.689190999 6.702845000   -1.40896   0.244035 -0.0630073
206 6.702845000 6.716613000   -1.36539  -0.209441 -0.0449377
207 6.716613000 6.730824999  -1.31406 -0.227334 0.0450499
208 6.730824999 6.746069999  -1.18086 -0.221815  0.227782
209 6.746071000 6.762304999   -1.1158 -0.260829  0.202867
210 6.762306000 6.778451999 -1.07843 0.149526 0.157078
211 6.778454000 6.794684999  -1.00725 -0.216989 0.0938752
212 6.794684999 6.810862000  -1.02958 -0.210316  0.139697
213 6.810862999 6.826632999  -1.07751 -0.294652  0.168017
214 6.826634000 6.842437000  -1.12374 -0.271186  0.226159
215 6.842437999 6.859197999  -1.01663   0.13415 0.0147069
216 6.859197999 6.877200999   -0.871157    0.134527 -0.00218075
217 6.877200999 6.896480000 -0.914912 -0.189022 0.0398189
218 6.896480000 6.914854999  -0.90628  -0.18845 0.0841558
219 6.914856000 6.931941000  -1.03682 -0.199234  0.105239
220 6.931941999 6.948907000 -1.01274 0.163365 0.055772
221 6.948907000 6.968095000  -0.843226   0.125185 -0.0361281
222 6.968095999 6.988818999  -0.838741  -0.175385 -0.0145345
223 6.988820000 7.007434000 -0.859941 -0.210347 0.0394401
224 7.007434000 7.024495000    -1.04065   -0.167347 -0.00589912
225 7.024495000 7.041902000 -0.935097  0.182808 0.0417585
226 7.041905999 7.062770000 -0.762461   0.11487  0.101994
227 7.062770000 7.088343999 -0.587239 -0.148484  0.100337
228 7.088345000 7.112748999 -0.623163 -0.292281   0.24651
229 7.112750000 7.136637999 -0.586209 -0.311163  0.301157
230 7.136639000 7.164621000 -0.453706  -0.25176  0.185378
231 7.164621000 7.254184999 -0.0370227  0.0267123 -0.0511511
232 7.254184999 7.284693000    0.567954 -0.00750985   -0.234512
233 7.284696000 7.305602999   0.842642   0.159883 -0.0749472
234 7.305604000 7.324044000   0.908698    0.16517 -0.0402351
235 7.324044000 7.341125000   1.01966  0.173101 0.0333558
236 7.341125999 7.357144000  1.07317 0.172061  0.09811
237 7.357144999 7.372132999   1.17347 -0.186805  0.149371
238 7.372133999 7.386393000  1.32477  -0.2539 0.265167
239 7.386393000 7.399521000   1.40194 -0.276301  0.288946
240 7.399521000 7.411578999   1.59653 -0.335069  0.312776
241 7.411578999 7.422845999   1.74691 -0.358569  0.228342
242 7.422845999 7.433572999  1.73558 -0.42999 0.228432
243 7.433572999 7.444207000   1.79211 -0.437779   0.09286
244 7.444207000 7.454739000   1.78098 -0.473956  0.112875
245 7.454739000 7.465424999   1.71771 -0.441259  0.036298
246 7.465424999 7.476687000    1.59569  -0.383669 -0.0327348
247 7.476687000 7.488597999    1.53641  -0.357584 -0.0850742
248 7.488597999 7.501011000    1.4592 -0.305375 0.0345299
249 7.501011000 7.514407000   1.30471 -0.282111  0.053507
250 7.514407999 7.528643000    1.22473   0.195878 -0.0494127
251 7.528643000 7.543120000   1.25787  0.200355 0.0198847
252 7.543120000 7.558007999   1.24593  0.246759 0.0560824
253 7.558007999 7.572523999  1.32574 0.220709 0.107127
254 7.572523999 7.587502000    1.25743   0.206459 -0.0156309
255 7.587503000 7.603374000    1.18108  -0.219049 -0.0814821
256 7.603374999 7.619566000   1.17017 -0.228915 0.0259366
257 7.619566000 7.635813000    1.22515  -0.175607 -0.0778377
258 7.635814000 7.652352999    1.21783  -0.179103 -0.0979541
259 7.652354000 7.669656999    1.17895  -0.231529 -0.0662039
260 7.669658000 7.688318000    1.10997   -0.19779 0.00847503
261 7.688318000 7.707836999    1.11345  0.0925892 -0.0895609
262 7.707836999 7.729837999   0.967279   0.137838 -0.0767276
263 7.729839999 7.754044000   0.961276   0.163617 -0.0041887
264 7.754044000 7.779621000   0.933369   0.161448 0.00807287
265 7.779621000 7.809042999 0.805818 0.114348 0.118902
266 7.809044000 7.843645000  0.630491 -0.118397  0.103809
267 7.843648000 7.885049000    0.60628  0.0863493 -0.0408605
268 7.885051000 7.931882000   0.552225 -0.0727199 -0.0674259
269 7.931882000 8.037134000 0.000591963   0.0103389  -0.0442466
270 8.037134999 8.079791000 -0.608614 0.0718609  -0.21441
271 8.079791999 8.109071000 -0.882098 0.0919392 -0.172124
272 8.109071999 8.128760999   -1.3214  0.138953 -0.155414
273 8.128762000 8.146181000   -1.42421   0.219563 -0.0422343
274 8.146181000 8.163287000   -1.40222   0.275055 -0.0590677
275 8.163287000 8.181094000  -1.29984  0.229235 0.0537126
276 8.181094999 8.198716000  -1.20392  0.215884 0.0685865
277 8.198716000 8.215478000    -1.2875   0.240479 -0.0607396
278 8.215478000 8.231942000  -1.29516 -0.137509 0.0254518
279 8.231942000 8.248148000  -1.28434 -0.172811  0.048444
280 8.248149000 8.263667000  -1.29284 -0.195276 0.0440437
281 8.263667000 8.278217999  -1.34061  0.236202 0.0359866
282 8.278217999 8.292289000   -1.32838   0.264469 -0.0155942
283 8.292289000 8.306913999   -1.29137   0.306039 0.00805181
284 8.306913999 8.322549999   -1.14422   0.281679 -0.0164351
285 8.322551000 8.339103999  -1.05683  0.236745 0.0625687
286 8.339103999 8.355830000 -1.07795 0.202934 0.064489
287 8.355830000 8.372503999 -1.05919 0.165389 0.127147
288 8.372505000 8.390415999 -0.94156 0.124051 0.150667
289 8.390415999 8.409310000 -0.887706   0.15618  0.110219
290 8.409310000 8.426735000 -0.991389   0.17508 0.0994773
291 8.426735000 8.442371999  -1.08753   0.21696 0.0721414
292 8.442375999 8.457781000  -1.09375  0.236247 0.0647138
293 8.457781000 8.473921999  -1.12517 -0.131743   0.15503
294 8.473921999 8.490974000  -1.05033 -0.118476 0.0191343
295 8.490974000 8.507901000 -0.956217    0.1698 -0.130522
296 8.507901000 8.524898000   -1.05136   0.176459 -0.0887143
297 8.524898000 8.543806000  -0.875025  -0.161371 0.00454109
298 8.543806000 8.566020999 -0.757468 -0.152668 0.0327694
299 8.566023999 8.591148000 -0.616538  0.108003 0.0402353
300 8.591151000 8.617015999 -0.625412 0.0973517 0.0682364
301 8.617015999 8.642821999 -0.626473 -0.154993  0.113152
302 8.642823000 8.700794999 -0.173741 -0.100876 0.0303275
303 8.700797000 8.744807000  0.330838 -0.131249 0.0108381
304 8.744807000 8.778472000   0.437604   -0.10068 -0.0331102
305 8.778472000 8.814370000   0.43259 -0.106422   0.08681
306 8.814370000 8.853873000  0.347654 -0.119647 0.0427451
307 8.853874000 8.895461999     0.3653 -0.0868885 -0.0396341
308 8.895462999 8.930201000     0.440716    0.0918121 -0.000965468
309 8.930201000 8.967819999  0.417607 -0.108604 0.0707534
310 8.967821000 9.139676999   0.0785157  0.00461245 -0.00816573
311 9.139690000 9.215229000  0.0978287 -0.0174385  -0.364444
312 9.215229000 9.247482000  0.335588  -0.15893 -0.839876
313 9.247482999 9.273097000   0.500275 0.00405031   -1.11176
314 9.273099999 9.296777999   0.461673 -0.0412818   -1.27434
315 9.296777999 9.319535999   0.52081 -0.148773  -1.25644
316 9.319537000 9.345513000  0.417641 0.0439258  -1.28996
317 9.345514000 9.376885000 0.287129 0.118029 -1.03737
318 9.376888000 9.407177999   0.347701 0.00432883   -1.09086
319 9.407177999 9.435676999  0.342476 0.0056107  -1.18971
320 9.435677999 9.460190999  0.388306 0.0553084  -1.46495
321 9.460194000 9.480474999    0.57395 -0.0618546   -1.64054
322 9.480477000 9.499900000    0.74327 -0.0748652   -1.57901
323 9.499901000 9.521630999  0.616223 0.0504572  -1.48733
324 9.521633999 9.549109999 0.307098 0.160706 -1.37291
325 9.549112000 9.582353000 0.0975872 0.0174445  -1.21342
326 9.582353000 9.626180000 0.0782888 0.0372554 -0.876667
327 9.626182000 9.662365999 0.00388307 -0.0453221   -1.15081
328 9.662365999 9.693598999 0.0953385 0.0744083  -1.35047
329 9.693598999 9.728162999 0.130233 0.196937 -1.21892
330 9.728162999 9.767213999  0.159614 0.0591357  -1.11233
331 9.767216999 9.814184999 0.0663235 -0.024627 -0.911498
332 9.814185999 9.878208999  0.166695 0.0242914 -0.678125
333 9.878209999 9.974049000 -0.186625 0.0264898  0.756969
334 9.974053999 10.002727000 -0.325272 -0.045893    1.6349
335 10.002728000 10.025031999 -0.437218 -0.222412   2.04581
336 10.025031999 10.045054000 -0.403919 -0.183942   2.27894
337 10.045054000 10.064143000 -0.287773 -0.310726   2.37986
338 10.064143000 10.082941999 -0.295651 -0.541736   2.24828
339 10.082943000 10.101445999 -0.282556 -0.623338   2.18241
340 10.101445999 10.120127000 -0.0671404  -0.554114    2.15906
341 10.120127000 10.139509000 -0.187658 -0.311554   2.16442
342 10.139510000 10.158788000 -0.140267  -0.43483   2.16106
343 10.158788000 10.178710999 0.0212902 -0.281184   2.11036
344 10.178710999 10.198280000 0.0900063  -0.08252    2.2118
345 10.198280000 10.217795999  0.141986 -0.333268   2.12439
346 10.217797000 10.236439000  0.209097 -0.559407   2.06867
347 10.236439999 10.255292000  0.186857 -0.529448   2.06829
348 10.255292999 10.274729999 -0.0079194  -0.175233    2.21247
349 10.274733000 10.293347000  -0.214035 -0.0265279     2.3192
350 10.293347000 10.309405999 -0.466161  0.136681   2.59564
351 10.309407000 10.323954000 -0.235647  0.382743   2.65189
352 10.323955000 10.338695999 -0.504633  0.121725   2.81476
353 10.338695999 10.354907999 -0.375902 -0.135888   2.57559
354 10.354911999 10.374406000  -0.313012 -0.0375646    2.02099
355 10.374407000 10.398956999    -0.18488 -0.00761389     1.59102
356 10.398959000 10.424806000 -0.0882623  -0.193607    1.57441
357 10.424807000 10.451052999 -0.125198 -0.130733   1.53836
358 10.451053999 10.476870999 -0.245595  0.247856   1.28895
359 10.476876000 10.505001000 -0.202013 0.0877923   1.33924
360 10.505005000 10.535976000 0.00499197  0.0865837    1.22546
361 10.535976000 10.561834000 -0.130867  0.598784  0.678869
362 10.561834999 10.595003999 -0.286401  0.253944  0.720897
363 10.595003999 10.623847000 -0.345461  0.272449   1.01211
364 10.623847999 10.645996000 -0.454044  0.564721  0.677077
365 10.645997000 10.707799000 -0.0613902   0.212709   0.175023
366 10.707799999 10.761886000  0.319445 -0.120715 -0.200532
367 10.761887000 10.786367999  0.498808 -0.382163 -0.513931
368 10.786367999 10.811645999   0.50235  -0.26614 -0.790879
369 10.811645999 10.836943000  0.378919 -0.144063  -1.35735
370 10.836943000 10.859652000  0.284844 -0.201268  -1.61827
371 10.859653000 10.882130000  0.340104 0.0493307  -1.75724
372 10.882131000 10.903611000  0.331243 -0.151011  -1.75473
373 10.903611000 10.925796999    0.32299 -0.0935203   -1.64444
374 10.925796999 10.948481000  0.35731 0.110101 -1.72103
375 10.948481000 10.971485999  0.239941 0.0501239  -1.74675
376 10.971485999 10.994246000    0.20219 -0.0289766   -1.77807
377 10.994247000 11.018309999 0.114491 0.103516 -1.77663
378 11.018309999 11.042242000 0.00686423   0.301807   -1.72544
379 11.042245000 11.064531999 -0.0426413   0.369575   -1.91931
380 11.064533000 11.086504000 0.0664811  0.395647  -1.90263
381 11.086504000 11.110240999 0.0448787  0.221537  -1.76401
382 11.110241999 11.135947999 0.0918964  0.139399  -1.59252
383 11.135949000 11.161902000 0.0964291  -0.21079  -1.42142
384 11.161902000 11.187577000 0.0745425 -0.256907   -1.3422
385 11.187577000 11.210782999  0.146544 -0.229892  -1.60716
386 11.210782999 11.231828000  0.112435 -0.175528  -1.86983
387 11.231829000 11.254051000  0.0580335 -0.0210671   -1.86359
388 11.254052000 11.279461999 -0.0258544   0.159493   -1.67277
389 11.279462999 11.306128999 0.111047 0.119419  -1.5781
390 11.306129999 11.332173000   0.11233 0.0768653  -1.64133
391 11.332173999 11.359328000 -0.0658484   0.121311    -1.5697
392 11.359328999 11.389510000 -0.073451  0.186079  -1.41185
393 11.389510000 11.418555999 0.206728 0.123601  -1.5663
394 11.418558000 11.444116999  0.366675 0.0274151  -1.65331
395 11.444117999 11.471954000  0.256963 -0.137621   -1.5456
396 11.471954000 11.505547000 -0.0441973  -0.114409   -1.19601
397 11.505547000 11.538413999   0.16358 -0.256653  -1.16972
398 11.538415000 11.569403999   0.36728 -0.328156  -1.04486
399 11.569403999 11.616499000    0.10154 -0.0899453  -0.864791
400 11.616499999 11.735817000 0.00216477  0.0318011  0.0731343
401 11.735817999 11.774587000 -0.0420425  -0.229735     1.2244
402 11.774587000 11.802758000 -0.0970192   -0.35592    1.55671
403 11.802758999 11.829056000 -0.0217942  -0.508456    1.43391
404 11.829056000 11.859458000 0.00548657  -0.361395    1.18073
405 11.859459000 11.901720999  -0.281568 -0.0361519   0.964736
406 11.901721999 11.933361000 -0.311857 -0.015542   1.29029
407 11.933361000 11.956937000 -0.0019721  -0.356452    1.95179
408 11.956938999 11.975923000 -0.0495942  -0.375594    2.32879
409 11.975923999 11.993407999 -0.201303 -0.489656   2.55641
410 11.993408999 12.009678000 -0.55672 -0.33191  2.61263
411 12.009678999 12.024771000 -0.513355 -0.116006   2.79897
412 12.024771000 12.039564999  -0.41354 -0.484578   2.87379
413 12.039564999 12.054338000 -0.239134 -0.578687   2.85455
414 12.054338000 12.068963000 -0.217628 -0.675181    2.8215
415 12.068963000 12.083615999  0.135353 -0.159394   2.88187
416 12.083615999 12.099101999 -0.329564 -0.251624   2.74421
417 12.099101999 12.117029999 0.0284753 -0.297335   2.32701
418 12.117029999 12.142396999 0.0111668 -0.213114   1.49074
419 12.142398000 12.179263999 0.0501107 -0.147764   1.01837
420 12.179263999 12.214182000 0.0441363  0.101211   1.03324
421 12.214185000 12.245609999  0.252359 -0.195875   1.09218
422 12.245611000 12.270503000 0.0857033 -0.379559   1.51418
423 12.270503000 12.294826000 -0.505109 0.0213758   1.47058
424 12.294826000 12.317170999 -0.548098   0.21092   1.33949
425 12.317170999 12.347912999   -0.162777 -0.00701363     1.28225
426 12.347913999 12.379823999  0.119025 -0.251244   1.25826
427 12.379833000 12.415963000  -0.111491 -0.0641447    1.08447
428 12.415963999 12.476683000  0.0165466 -0.0847513   0.619323
429 12.476687999 12.530729999 0.099521 0.299153 0.145129
430 12.530730999 12.626995000 -0.0635013    0.16937  -0.173469
431 12.626995999 12.664511999 0.134046 0.261043 -1.00951
432 12.664511999 12.689477000 0.196476 0.452045 -1.53066
433 12.689477000 12.710695000 0.122112 0.498383 -1.84235
434 12.710695999 12.731273999 0.278123 0.525507 -1.85319
435 12.731275000 12.752133000 0.481224 0.397294  -1.6922
436 12.752133000 12.774235999 0.508095 0.366638 -1.42044
437 12.774236999 12.800979999 0.199175 0.377504 -1.38962
438 12.800979999 12.828486000 -0.0932671   0.453844   -1.18991
439 12.828486000 12.857887999 -0.193925  0.383241   -1.0605
440 12.857887999 12.950867999 -0.0294171  0.0634755  -0.553835
441 12.950869000 13.194993000  -0.0399818   0.0230308 -0.00364156
442 13.194997000 13.383521999 -0.0386408  -0.107822 -0.0896711
443 13.383521999 13.439561999 0.0618447 -0.299069 -0.083866
444 13.439565999 13.471136000 -0.0622841  -0.542518  0.0167568
445 13.471136999 13.494385000  -0.104036  -0.750224 -0.0658236
446 13.494385000 13.512136999 0.0938219  -1.05983 -0.108783
447 13.512138000 13.529343000  0.171658  -1.06723 -0.053106
448 13.529343999 13.547650000      0.199   -1.01304 -0.0824766
449 13.547650999 13.564851000  0.244032  -1.04957 0.0464681
450 13.564851000 13.579785000  0.42779 -1.18598  0.15162
451 13.579786999 13.593174999 0.578832 -1.31106 0.166521
452 13.593174999 13.606135999     0.620226     -1.32165 -0.000133125
453 13.606137000 13.619213999   0.658427   -1.35099 -0.0518925
454 13.619213999 13.632830999  0.513293  -1.33201 -0.109488
455 13.632830999 13.647559999    0.3501  -1.35752 -0.143451
456 13.647560999 13.662473999  0.278914  -1.38222 -0.267725
457 13.662475000 13.677046000   0.22315  -1.47544 -0.162215
458 13.677046000 13.691496999  0.194127  -1.54596 -0.118605
459 13.691496999 13.705729999 -0.0312056   -1.61097   0.348932
460 13.705729999 13.719251000 -0.018571  -1.79916   0.47862
461 13.719251000 13.732756999 0.152466 -1.78763 0.495739
462 13.732756999 13.746803000 0.123592 -1.68897 0.697377
463 13.746804000 13.761849999 0.145962 -1.50941 0.754145
464 13.761853999 13.778349999 0.202451 -1.42001  0.55784
465 13.778349999 13.797169000 0.142267 -1.18585 0.448484
466 13.797170999 13.821445000 0.0895667 -0.905699  0.407359
467 13.821445999 13.848286999 -0.0493552  -0.790102   0.479752
468 13.848286999 13.876221000 -0.0384699  -0.817018   0.408183
469 13.876221999 13.943106000 0.0132828 -0.176251  0.301733
470 13.943106000 13.981514999  -0.225777   0.614802 -0.0557609
471 13.981514999 14.007453999 -0.156867  0.850755 -0.166239
472 14.007455000 14.026416000 -0.252142   1.23738 -0.107275
473 14.026416000 14.041775000 -0.382009   1.49923  -0.31623
474 14.041775999 14.055375000 -0.453641   1.72592 -0.306822
475 14.055375000 14.067924999  -0.55867     1.932 -0.555538
476 14.067924999 14.079796999 -0.590467   1.97972 -0.539641
477 14.079798000 14.091066000 -0.635089   2.04239 -0.491047
478 14.091066999 14.101894999 -0.687163   2.09254 -0.571745
479 14.101896000 14.112069999 -0.748202   2.23981 -0.457373
480 14.112069999 14.121790000 -0.76546  2.39704  -0.3472
481 14.121790000 14.131163000 -0.768502   2.49697 -0.306611
482 14.131163000 14.140301999 -0.810301   2.61356  -0.40801
483 14.140302999 14.149274999 -0.745723   2.63528 -0.441378
484 14.149274999 14.158073999 -0.677915   2.61001 -0.361735
485 14.158075000 14.166881000 -0.577188   2.64993 -0.467845
486 14.166882000 14.175664000 -0.567603    2.6751 -0.301705
487 14.175664999 14.184459000 -0.491988   2.70924 -0.373327
488 14.184459000 14.193335000  -0.44413   2.65273 -0.410734
489 14.193335000 14.202438000 -0.397671   2.56312 -0.315798
490 14.202438000 14.211980000 -0.244934   2.45155 -0.362293
491 14.211980000 14.221835999  0.144242   2.33557 -0.421466
492 14.221837000 14.231508000 0.371484  2.29428 -0.08498
493 14.231508000 14.241232000  0.540036   2.27918 -0.232041
494 14.241233000 14.250617999   0.673811    2.24511 -0.0224001
495 14.250619000 14.259993000    0.676588     2.20527 -0.00295869
496 14.259993000 14.269235999  0.814256   2.20777 -0.135595
497 14.269235999 14.278517999   0.83288   2.11906 -0.356421
498 14.278518999 14.287962000   0.89483   2.09838 -0.298216
499 14.287962000 14.297661999  0.787084   2.04229 -0.319483
500 14.297663000 14.307597999 0.637137  2.01831 -0.20491
501 14.307597999 14.317672999  0.492054   1.99673 -0.319039
502 14.317672999 14.328036999  0.372339   1.98944 -0.146306
503 14.328036999 14.338836000  0.349811   1.84063 -0.203653
504 14.338837000 14.349888000  0.254585   1.85134 -0.400864
505 14.349888000 14.361634999  0.207971   1.71868 -0.330178
506 14.361634999 14.373999999   0.220099     1.6231 -0.0803772
507 14.374000999 14.387561000  0.120587   1.45707 -0.174665
508 14.387561000 14.402373999 -0.230168   1.19123 0.0527658
509 14.402374999 14.417308999 -0.312211   1.18982  0.167861
510 14.417308999 14.431346000 -0.361881   1.23118 0.0125466
511 14.431347999 14.446511999  -0.371458   0.992187 -0.0537281
512 14.446511999 14.470358999 -0.217304  0.669187 0.0120691
513 14.470364000 14.510594000  0.381274 -0.426165   0.23119
514 14.510594999 14.524418000  0.30383 -1.44699 0.769067
515 14.524418000 14.535204000 0.0944237  -1.91319  0.932886
516 14.535204000 14.544598000 0.102191 -2.48281  0.98611
517 14.544599000 14.553186000 0.0319921  -2.66478  0.870403
518 14.553186000 14.561408000 0.0342135  -2.93775   1.02535
519 14.561409000 14.569337999 0.0667393  -3.01067  0.886035
520 14.569337999 14.577176999 0.208693 -3.05782 0.664303
521 14.577176999 14.585007999   0.3533 -3.03204 0.423311
522 14.585007999 14.592777000  0.35607 -3.08687 0.232518
523 14.592777000 14.600404000  0.45908 -3.14417 0.160915
524 14.600404999 14.607948000 0.467395 -3.23118   0.3684
525 14.607949000 14.615292000 0.436273 -3.29951 0.197758
526 14.615292000 14.622540000 0.440407 -3.56594 0.428938
527 14.622540000 14.629676000 0.550965 -3.66255 0.356686
528 14.629676000 14.636661000 0.593235 -3.82457 0.372935
529 14.636661000 14.643675999 0.666959 -3.85097 0.234235
530 14.643675999 14.650621999 0.609233 -4.00047 0.674522
531 14.650621999 14.657827000 0.642085 -3.97053 0.345785
532 14.657827999 14.665133000 0.535523 -3.86082 0.505071
533 14.665133000 14.672826000 0.467159 -3.74477 0.565365
534 14.672827000 14.680825999 0.0224414  -3.65108   1.29216
535 14.680825999 14.688869000 -0.0446309   -3.62785    1.09631
536 14.688869000 14.697047000 -0.386911    -3.598  0.812938
537 14.697047000 14.705397000 -0.432376  -3.56058   1.02458
538 14.705397000 14.714055999 -0.566024  -3.26686  0.982138
539 14.714057000 14.723451999 -0.659272  -2.97518  0.855353
540 14.723451999 14.733274000 -0.443036  -2.85637  0.986247
541 14.733274999 14.743441000 -0.316041  -2.81857  0.705135
542 14.743441999 14.754121000 -0.11781 -2.74404 0.932243
543 14.754121999 14.765854999 0.0923696   -2.3047   1.06947
544 14.765855999 14.780546999 0.295087 -1.61154 0.819091
545 14.780547999 14.809864000  0.226431 -0.653815  0.279688
546 14.809868000 14.862211999  0.149484   1.15305 -0.352401
547 14.862211999 14.879684999  0.106359   1.61528 -0.532319
548 14.879685999 14.894216000 0.0667763    1.8591 -0.722586
549 14.894216000 14.907177999 -0.0804474    2.08929  -0.907541
550 14.907178999 14.918824999 -0.19377  2.31773 -1.11438
551 14.918825999 14.929421000 -0.298006   2.58951  -1.20543
552 14.929421999 14.939084000 -0.60064  2.80952 -1.10482
553 14.939084000 14.947846999 -0.653189   3.20957 -0.896562
554 14.947846999 14.956043999 -0.745179    3.3984 -0.912006
555 14.956043999 14.963688000 -0.919915   3.49935 -0.998703
556 14.963688000 14.971056999 -0.922201   3.67526 -0.626722
557 14.971056999 14.978179999   -1.0824   3.72106 -0.692935
558 14.978179999 14.985195999  -0.98931   3.80682 -0.840862
559 14.985196999 14.992118000  -0.95742   3.93677 -0.857241
560 14.992118000 14.999010999 -0.986403   3.89743 -0.666047
561 14.999012000 15.005910000 -0.808936   3.76005 -0.701108
562 15.005910000 15.012847999 -0.758125   3.75432 -0.600364
563 15.012847999 15.019742000 -0.694769   3.68156  -0.34276
564 15.019742000 15.026737999 -0.597404   3.66303 -0.354599
565 15.026737999 15.033729000 -0.542028   3.61848 -0.213944
566 15.033729000 15.040911999 -0.515988   3.36761  -0.10754
567 15.040911999 15.048335000 -0.349352   3.22382 -0.286648
568 15.048335000 15.056041000 -0.129284   3.11922 -0.759712
569 15.056041000 15.064087999  0.271541   2.92197 -0.729883
570 15.064087999 15.072545000  0.474205   2.70767 -0.540447
571 15.072545999 15.081254999  0.595051   2.47805 -0.332805
572 15.081254999 15.090123999  0.835259    2.3164 -0.496331
573 15.090125000 15.099268999  0.976795   2.12846 -0.392421
574 15.099268999 15.108909000  0.952108   1.98179 -0.525836
575 15.108910000 15.119592000  0.776037   1.68777 -0.373223
576 15.119592999 15.132251000  0.683827   1.27478 -0.303298
577 15.132251000 15.151982000   0.411979   0.691458 -0.0767391
578 15.151983000 15.186910000  0.179943 -0.709157   0.28762
579 15.186910999 15.200717999 0.105078 -1.42495 0.874391
580 15.200717999 15.212040999 0.039097 -1.81035 0.987578
581 15.212040999 15.221879999 -0.0797918   -2.25829   0.978766
582 15.221879999 15.230643000 -0.0618067    -2.6682   0.832186
583 15.230643000 15.238589000 -0.0139893   -3.01786   0.844634
584 15.238589000 15.246016999 0.114558 -3.45989 0.695528
585 15.246016999 15.253109999   0.426738   -3.58547 -0.0444749
586 15.253109999 15.260004999  0.497516  -3.68738 -0.125036
587 15.260004999 15.266740999 0.428422 -4.00591 0.343238
588 15.266740999 15.273429000 0.521766 -4.06555 0.117433
589 15.273429000 15.280128000 0.562401 -4.15397 0.280554
590 15.280128000 15.286837999  0.660924  -4.30059 0.0570226
591 15.286837999 15.293540000 0.445524 -4.31098 0.168611
592 15.293541000 15.300450999 0.480427 -4.26452 0.311426
593 15.300450999 15.307400000 0.428103 -4.34173  0.44821
594 15.307400999 15.314591000 0.417818 -4.15991 0.445708
595 15.314591000 15.322098000 -0.0357569   -4.02754   0.837786
596 15.322098000 15.330000999 -0.155561  -3.76945  0.845908
597 15.330000999 15.338608000 -0.296028  -3.27175  0.854857
598 15.338608000 15.348055999 -0.360025   -2.8301   1.06846
599 15.348055999 15.357979000 -0.32664 -2.67001  1.04672
600 15.357980000 15.368013000 -0.352907  -2.73944  0.699118
601 15.368013999 15.377832999 -0.341047  -2.81635   0.65343
602 15.377832999 15.387848999 -0.31834 -2.79515  0.26257
603 15.387850000 15.398713000 -0.0634526   -2.62032   0.414351
604 15.398713000 15.412791999 -0.137154  -1.81013  0.183994
605 15.412791999 15.453080000  0.143925 -0.147502  0.137766
606 15.453081999 15.474095999  0.156129   1.28854 -0.139219
607 15.474095999 15.489554999 0.0207609   1.73757 -0.382986
608 15.489554999 15.504003000    0.0185   1.74492 -0.546307
609 15.504003999 15.518053999 0.0875066   1.76791 -0.518523
610 15.518053999 15.530523999 0.0698109   2.08387 -0.655166
611 15.530525000 15.541129999   0.10198   2.61205 -0.827838
612 15.541129999 15.550326999 -0.308001   3.16702 -0.490042
613 15.550326999 15.558612000 -0.425275    3.4927 -0.333885
614 15.558612000 15.566258000  -0.69437   3.73049 -0.669261
615 15.566258000 15.573353000 -0.909588   4.00475 -0.814838
616 15.573353999 15.580270999  -1.10834    4.0913 -0.949233
617 15.580272000 15.587026999 -1.02268  4.15416 -1.06247
618 15.587026999 15.593751000  -1.05789   4.07289 -0.950208
619 15.593751000 15.600511999 -0.976692   4.00308  -1.03298
620 15.600511999 15.607309999 -0.87449  3.80921 -1.19825
621 15.607309999 15.614117000   -0.8413   3.75577 -0.890397
622 15.614117000 15.621230000 -0.641407   3.68106 -0.767252
623 15.621230000 15.628441999 -0.510959   3.48824  -0.68024
624 15.628441999 15.635967999 -0.419341   3.19136 -0.457394
625 15.635967999 15.643778000  -0.11107   3.10655 -0.451514
626 15.643778000 15.652038000   -0.2174   2.79242 -0.257822
627 15.652038000 15.660796000  0.138582   2.57391 -0.434085
628 15.660799999 15.670023000  0.262107   2.36786 -0.260382
629 15.670023000 15.679565000  0.351452   2.25473 -0.141717
630 15.679565000 15.689327999  0.294038   2.20774 -0.349897
631 15.689329000 15.700067000 0.271963  1.87481  -0.2298
632 15.700067999 15.712306000   0.254717    1.56477 -0.0520659
633 15.712306000 15.726821000  0.210182   1.31574 0.0167958
634 15.726821999 15.743425999  0.169333   1.09855 0.0517152
635 15.743425999 15.783193000 -0.0601526   0.295951   0.327578
636 15.783193000 15.803606999 0.064434 -1.10021 0.668739
637 15.803606999 15.815751999 0.302316 -1.69621  0.83917
638 15.815753000 15.826198000 0.402214 -2.01371 0.783389
639 15.826198000 15.835483000  0.28165 -2.34863  0.97162
640 15.835484000 15.844035999 0.477035 -2.66194 0.616587
641 15.844035999 15.852031000   0.30981  -2.98849 0.0278566
642 15.852031000 15.859587999   0.5653 -3.15454 0.508105
643 15.859587999 15.866775000 0.628906 -3.41332 0.259649
644 15.866775000 15.873798000  0.579376  -3.59598 0.0688331
645 15.873798999 15.880735999 0.692787 -3.64087 0.110265
646 15.880735999 15.887671999 0.715828  -3.6596 0.105491
647 15.887671999 15.894645000 0.801115  -3.8632 0.294777
648 15.894645000 15.901571000 0.721595 -3.85228 0.429757
649 15.901571000 15.908515999 0.697857   -4.005 0.483804
650 15.908515999 15.915427000 0.685747 -4.15697 0.303165
651 15.915427000 15.922315000 0.543535 -4.49751 0.500162
652 15.922315000 15.929264000 0.498893 -4.44538 0.607993
653 15.929265000 15.936191000 0.234992  -4.6572  1.05731
654 15.936191000 15.943214999 0.088468 -4.72757  1.24846
655 15.943214999 15.950241999 0.070474 -4.66561   1.4114
656 15.950243000 15.957637999 0.0500424  -4.46684   1.38588
657 15.957637999 15.965326000 -0.0344723   -4.32147    1.50963
658 15.965326999 15.973382000 -0.0130853   -3.97734    1.56186
659 15.973382000 15.981985999 -0.0431456   -3.76385    1.64717
660 15.981985999 15.991295999 -0.0104853   -3.45224     1.4313
661 15.991295999 16.001521000 -0.0452062   -2.94236    1.26831
662 16.001521000 16.013021999 -0.113923  -2.47827   1.21366
663 16.013021999 16.026980999 -0.10235 -1.97627 0.785522
664 16.026980999 16.046372000 0.00204044    -1.2377   0.300694
665 16.046372000 16.078447000  0.362258 -0.515421 -0.268767
666 16.078448000 16.108076000   0.18395   1.09409 -0.410265
667 16.108077000 16.122713000 -0.307676   1.97953 -0.784986
668 16.122713000 16.134563000 -0.545035    2.5083 -0.773073
669 16.134563000 16.145013999 -0.559991   2.80067 -0.801216
670 16.145013999 16.154916000 -0.748144    2.8971 -0.844644
671 16.154917000 16.164452000 -0.675158   3.03973 -0.805257
672 16.164452000 16.173622999   -0.7107    3.1373 -0.854314
673 16.173622999 16.182331999 -0.636057   3.31544 -0.949414
674 16.182331999 16.190764000 -0.69776  3.46782  -1.1823
675 16.190764999 16.198874000 -0.703484   3.62717  -1.07089
676 16.198874000 16.206702000 -0.455753   3.71061  -1.54616
677 16.206702000 16.214233000 -0.534922   4.02453  -1.15932
678 16.214233000 16.221616000 -0.314352    3.9852  -1.58248
679 16.221616000 16.228884999 -0.626129   4.04122  -1.17218
680 16.228884999 16.235991999 -0.629625   4.00753  -1.02841
681 16.235991999 16.242948999 -0.730878   3.96445 -0.800679
682 16.242948999 16.249835999 -0.849896   4.00667 -0.866113
683 16.249836999 16.256674000 -0.852886   4.02784 -0.812632
684 16.256674000 16.263481999 -0.735894   3.84876 -0.916004
685 16.263481999 16.270437000 -0.836081   3.62601 -0.756768
686 16.270437000 16.277518000 -0.789228   3.45911 -0.618692
687 16.277518000 16.284807999 -0.811784     3.169  -0.53672
688 16.284807999 16.292355000 -0.723053   3.02105 -0.214306
689 16.292355000 16.300322000 -0.709409   2.70148 -0.208371
690 16.300322000 16.309010999 -0.643076   2.31579 -0.104764
691 16.309010999 16.319424999  -0.505241     1.7299 -0.0759161
692 16.319424999 16.332627999 -0.511099   1.22149 0.0448744
693 16.332627999 16.348628999 -0.326935  0.981311  0.092574
694 16.348630000 16.366951000  -0.196424   0.870636 -0.0359008
695 16.366951000 16.413329999  0.0712347 -0.0440649 -0.0492525
696 16.413330999 16.433541999 0.195625 -0.90255 0.184118
697 16.433544000 16.446608000 0.216289 -1.50518 0.275862
698 16.446608000 16.456800999 0.331814 -2.01034 0.157368
699 16.456800999 16.465392000 0.430764 -2.51536 0.280899
700 16.465392999 16.472956000  0.570336  -2.97797 0.0824763
701 16.472956000 16.480021000 0.784333 -3.26907 0.185677
702 16.480021000 16.486743000 0.991974 -3.59262 0.426441
703 16.486743000 16.493141000  1.24711  -3.8356 0.569901
704 16.493141000 16.499432999  1.40283 -4.00785 0.727644
705 16.499432999 16.505548999  1.50558 -4.12348  0.61312
706 16.505548999 16.511644000  1.29811 -4.44732 0.727914
707 16.511644000 16.517803999  1.42144 -4.64408 0.715769
708 16.517803999 16.523973000  1.21829 -4.67455 0.771028
709 16.523973999 16.530250999  1.24895 -4.69692 0.852656
710 16.530250999 16.536739000  1.01083 -4.76021 0.798956
711 16.536739999 16.543496999 0.686528 -4.64881 0.630415
712 16.543496999 16.550539000 0.674953 -4.45974  0.58418
713 16.550540000 16.558106999 0.461081 -4.22451 0.802081
714 16.558108000 16.566145999 0.0394944  -3.81897   1.05386
715 16.566145999 16.574753000 -0.12526 -3.50107  1.14861
716 16.574753000 16.583984000 -0.243464  -3.22205  0.866586
717 16.583984000 16.593775999 -0.358861  -2.98412   1.11644
718 16.593775999 16.604143000 -0.40516 -2.76181 0.582074
719 16.604144000 16.615380999 -0.381796  -2.50153  0.740031
720 16.615380999 16.627918000 -0.126733  -2.19046  0.617169
721 16.627918000 16.643550999 0.0482008  -1.56778  0.551246
722 16.643550999 16.666066000   0.30419 -0.856338  0.351482
723 16.666066999 16.719923999  0.026769 0.0538591 0.0582374
724 16.719925000 16.736657999 -0.479147   1.62161 -0.341878
725 16.736658999 16.749119000  -0.54629   2.22117 -0.460464
726 16.749119000 16.759812000 -0.605518   2.65462 -0.709064
727 16.759812000 16.769445000 -0.708441   2.96876 -0.534609
728 16.769445000 16.778466000 -0.691688   3.17282  -1.16738
729 16.778466000 16.787082000 -0.739097   3.28438 -0.930131
730 16.787082999 16.795406000 -0.755325   3.41883  -1.12893
731 16.795406000 16.803495999 -0.760443   3.50986 -0.991754
732 16.803495999 16.811251999 -0.620407   3.64657 -0.582724
733 16.811253000 16.818825000  -0.54153   3.87836 -0.834803
734 16.818825000 16.825970999 -0.536775   4.08427 -0.518062
735 16.825970999 16.832996999 -0.501468   4.25111 -0.434345
736 16.832996999 16.839929000 -0.490163   4.18925  -0.37959
737 16.839929000 16.846813999 -0.488678   4.22104 -0.359043
738 16.846813999 16.853633999 -0.526872   4.17364 -0.220695
739 16.853635000 16.860426000 -0.399265   4.25126 -0.274265
740 16.860426000 16.867302999 -0.450797   4.01222 0.0138999
741 16.867302999 16.874185999  -0.466615    3.95789 -0.0290463
742 16.874185999 16.881239999 -0.557655   3.79853 0.0306475
743 16.881239999 16.888449000  -0.50848   3.46759 0.0340618
744 16.888449000 16.896204000  -0.406327    3.09398 0.00749205
745 16.896204000 16.904661000 -0.433576   2.60298 0.0423855
746 16.904661000 16.914511000 -0.330683   2.11685  0.139348
747 16.914511000 16.926093999   0.208155    1.70963 -0.0295521
748 16.926093999 16.939654999   0.212885    1.41525 -0.0284727
749 16.939654999 16.954876999  0.324277   1.14234 -0.144983
750 16.954876999 16.975218999  0.279284   0.79749 -0.255253
751 16.975220000 17.026582999 -0.0374238   0.103691  -0.160647
752 17.026582999 17.043417000 0.0857432  -1.25052  0.133163
753 17.043417000 17.054786000 0.215019 -1.94847  0.55557
754 17.054786000 17.063839999 0.345894 -2.50337 0.355347
755 17.063841000 17.071768999 0.510708 -2.99768 0.807978
756 17.071768999 17.079115999 0.623234 -3.34598  0.40211
757 17.079115999 17.086124000 0.652176 -3.57846 0.362144
758 17.086124000 17.092818000 0.688004 -3.87249 0.702909
759 17.092818000 17.099540999 0.678289 -3.97562 0.600536
760 17.099541999 17.106210999 0.733941 -4.08024  0.54345
761 17.106210999 17.112871999 0.620124 -4.21637 0.547203
762 17.112871999 17.119568999 0.621123 -4.35742 0.550468
763 17.119568999 17.126318999 0.541123 -4.46631 0.623249
764 17.126318999 17.133175000 0.440981  -4.3077 0.518926
765 17.133175000 17.140142999 0.290146  -4.3495  0.78758
766 17.140142999 17.147296999 0.159118 -4.43531 0.935743
767 17.147296999 17.154384000 0.107778 -4.28115  1.05301
768 17.154384000 17.161757999 0.0625837  -4.27139   1.23211
769 17.161757999 17.169436999 0.211764 -4.11961  1.08936
770 17.169437999 17.177589000 0.179325  -3.7739  1.18014
771 17.177589000 17.186333000 0.135468 -3.36627  1.23809
772 17.186333000 17.196162999 0.0668502  -2.91824   1.09624
773 17.196166999 17.207277000 0.185866 -2.55319  1.01215
774 17.207277999 17.220635999 0.0842361  -1.98038  0.622101
775 17.220635999 17.236014999 0.305339 -1.54289 0.216123
776 17.236018000 17.251536999 0.558981  -1.3969 0.117098
777 17.251538000 17.267952000  0.673636  -1.12761 -0.320309
778 17.267952000 17.295017999  0.516745 -0.438449 -0.544304
779 17.295020999 17.322486000 -0.0455999    1.09368  -0.639615
780 17.322486999 17.338249000 -0.415092   1.81919 -0.495953
781 17.338249000 17.350593000 -0.496846   2.34778 -0.469239
782 17.350593000 17.361097999 -0.627697   2.87917 -0.534142
783 17.361098999 17.370564000 -0.738733   3.22999 -0.277254
784 17.370564999 17.379670000 -0.791288   3.31574 -0.471686
785 17.379670000 17.388411000 -0.919226   3.32273 -0.488162
786 17.388411000 17.396864000 -0.988406   3.31307 -0.176542
787 17.396864000 17.405069000  -1.06468   3.29762 -0.232892
788 17.405069000 17.412928000  -1.03882    3.4603 -0.096391
789 17.412928000 17.420601000   -1.02827    3.47455 -0.0511378
790 17.420601000 17.428052000   -1.0963   3.52497 -0.225565
791 17.428052000 17.435413000   -1.0523   3.56242 -0.318718
792 17.435413000 17.442691000  -1.17629   3.55987 -0.301321
793 17.442691000 17.449988000 -0.914717   3.39191 -0.388649
794 17.449988000 17.457366000 -0.897463   3.36062 -0.424629
795 17.457367000 17.465081999 -0.659972   3.19943 -0.401164
796 17.465083000 17.473241999 -0.497808    2.9864   -0.8178
797 17.473243000 17.481980000 -0.330606   2.73013 -0.407368
798 17.481980000 17.491241999 0.0229965   2.49178 -0.558736
799 17.491241999 17.500955999  0.367505   2.38441 -0.370537
800 17.500955999 17.510946000  0.321491   2.15225 -0.101856
801 17.510946000 17.521850000   0.252804    1.92586 -0.0358624
802 17.521851000 17.534344999 -0.0391141    1.57191  -0.590242
803 17.534344999 17.549610999 -0.249829   1.15579 -0.315776
804 17.549611999 17.571207000 -0.304047  0.688473 -0.164126
805 17.571207000 17.615840999 0.00433293  -0.238653 -0.0825877
806 17.615840999 17.631019999 0.339161   -1.216 0.363081
807 17.631019999 17.642572000 0.468166 -1.66613 0.426775
808 17.642572000 17.652460999 0.523225 -2.06806  0.43704
809 17.652460999 17.661448000 0.552581 -2.43876 0.140932
810 17.661448000 17.669862999 0.695749 -2.71908 0.257209
811 17.669862999 17.677831000   0.61684  -2.97484 -0.206569
812 17.677831000 17.685462000 0.712056 -3.19796 0.145482
813 17.685462999 17.692866999  0.663586  -3.37034 0.0794613
814 17.692868000 17.700258000  0.762451  -3.54493 -0.192968
815 17.700258000 17.707618000  0.756646  -3.45399 -0.249247
816 17.707619000 17.715119999  0.584327  -3.64534 -0.192524
817 17.715119999 17.722825000   0.589386   -3.68904 -0.0842924
818 17.722825000 17.730816000  0.492865  -3.54575 -0.147457
819 17.730816000 17.739134000 0.427586 -3.31285 0.142462
820 17.739134000 17.748031000  0.48214 -3.19163 0.162659
821 17.748031000 17.757556000 0.487101 -2.84443 0.277338
822 17.757556000 17.768076000 0.076705 -2.54053  1.08935
823 17.768076000 17.780519999 -0.0584723   -1.98623    1.03123
824 17.780519999 17.798497999 -0.238676   -1.1772  0.750864
825 17.798497999 17.865635000 -0.135505 0.0690902 -0.125484
826 17.865635000 17.896885999 -0.226236  0.690306 -0.668168
827 17.896886999 17.916805000 -0.529224  0.899651 -0.499441
828 17.916806000 17.937172000 -0.442776  0.839624 -0.517137
829 17.937172000 17.964960000 -0.134335  0.638893  -0.58719
830 17.964960999 18.010695999 0.0530462  0.384045 -0.370627
831 18.010695999 18.041834999  0.499688  0.375864 -0.243087
832 18.041836000 18.060810000  0.975417  0.426283 -0.029946
833 18.060810000 18.075635999   1.32808  0.479339 0.0676095
834 18.075637000 18.080179999    1.84378   0.831797 -0.0636401
