1 0.000000000 0.060089000 -0.0582601  -0.156483  -0.063994
2 0.060115000 0.120565999 -0.00823691   -0.232634   -0.141075
3 0.120749000 0.221271999 -0.0134331  -0.169008  -0.119002
4 0.221274000 0.281476999   0.100834 -0.0583518   0.100386
5 0.281486000 0.301508000  0.258256 -0.668024  -0.33333
6 0.301523999 0.341534000 0.00885472  -0.230152  0.0751368
7 0.341536999 0.361545000  0.144474 -0.595155  0.217465
8 0.361545999 0.401603999 0.0129832 -0.496674  -0.40929
9 0.401608000 0.441614000  0.216965 -0.209405 -0.022984
10 0.441616999 0.461618999  0.461105 -0.259125 0.0300749
11 0.461618999 0.481620000  0.443756 -0.209924  0.279528
12 0.481625999 0.501626000 -0.0209168  -0.343876 -0.0126239
13 0.501626000 0.521631999 -0.0108267  -0.379431 0.00592629
14 0.521633000 0.541639000 -0.0225958   -0.37191  0.0260148
15 0.541640000 0.561641000 -0.0181692  -0.382042 -0.0216063
16 0.561643000 0.581645000  0.0040945  -0.488385 -0.0278751
17 0.581645000 0.601647999  0.0208956  -0.628154 -0.0356687
18 0.601647999 0.621649000 0.00602762  -0.592717 -0.0358332
19 0.621649999 0.641651000  0.0013437  -0.587935 -0.0510757
20 0.641651000 0.661655000 -0.0177949  -0.673421 -0.0696302
21 0.661655999 0.681657000   0.015285  -0.729798 -0.0702989
22 0.681657000 0.701658000 0.00933472  -0.722423 -0.0381458
23 0.701658000 0.721658999  -0.0160328   -0.614888 -0.00957714
24 0.721658999 0.741660999 -0.0160623  -0.665214   0.012866
25 0.741662000 0.761662999 0.00408176   -0.75637  -0.016527
26 0.761662999 0.781664000   0.0100373   -0.733488 -0.00602743
27 0.781668999 0.801670000 -0.0115224  -0.733793  0.0606935
28 0.801670000 0.821670999 -0.0642496   -0.67539  0.0232752
29 0.821672000 0.841673000 -0.0335322  -0.672249 0.00519557
30 0.841673000 0.861673999  0.005254  -0.84254 0.0172565
31 0.861673999 0.881675000 0.0348206 -0.895759 0.0869654
32 0.881677999 0.901679999 0.00527788  -0.740924   0.111013
33 0.901681000 0.921681999 -0.0807947     -0.647  0.0376041
34 0.921683000 0.941685999 -0.0923851  -0.593437  0.0364686
35 0.941685999 0.961687000 -0.0239008   -0.56623  0.0569941
36 0.961689000 0.981691000 -0.0126608  -0.654826  0.0313002
37 0.981691000 1.001693000 -0.00384193   -0.692025   0.0433771
38 1.001693000 1.021700999 -0.0233975   -0.52088  0.0512095
39 1.021702000 1.041709999 -0.0649233  -0.441339   0.108771
40 1.041709999 1.061710000 -0.0692915    -0.4056  0.0914224
41 1.061710999 1.081719000 -0.0400877  -0.383451   0.054148
42 1.081719999 1.101721999 0.0085446  -0.38383 0.0581482
43 1.101721999 1.121725000  -0.239637  -0.399764 -0.0918598
44 1.121727000 1.141741999 -0.419195 -0.416667 -0.391521
45 1.141753999 1.201988000 -0.384588   0.01975 -0.318528
46 1.201989000 1.242044000 -0.0447615  -0.286919  -0.153972
47 1.242059999 1.342547999 0.0293934 -0.251694 0.0483693
48 1.342550000 1.382586999 0.0425753 -0.356335  0.054717
49 1.382591000 1.463942000 0.117705 0.138717 0.208188
50 1.463944999 1.503969000   0.309117 -0.0249776   0.101862
51 1.503988000 1.544011000   0.481385 -0.0930069   0.803545
52 1.544011999 1.564017999 0.657638 0.068003  1.78951
53 1.564022000 1.584022999 -0.0674677   0.381478  -0.149789
54 1.584029000 1.604030999  0.0237399   0.375545 -0.0893505
55 1.604032000 1.624034000 0.0507602  0.377946 -0.132698
56 1.624035999 1.644036999 -0.0138099   0.400522 -0.0919648
57 1.644039000 1.664041000 -0.0710141   0.361128  -0.133213
58 1.664041999 1.684042999 -0.0232463   0.437977 -0.0555462
59 1.684042999 1.704047999 -0.0331976   0.525337 -0.0519741
60 1.704047999 1.724051999 0.00174639   0.460114  -0.100423
61 1.724053000 1.744057000  0.0200427   0.447767 -0.0404008
62 1.744059000 1.764064000 -0.0206963   0.540892 -0.0845624
63 1.764064000 1.784068000 -0.0342275   0.702936  -0.101802
64 1.784068999 1.804070000 -0.0319466   0.762229 -0.0673833
65 1.804072000 1.824074000 -0.0121222   0.707686 -0.0133196
66 1.824074000 1.844074999    0.014253    0.709052 -0.00215459
67 1.844074999 1.864075000   0.00819918     0.779403 -8.39949e-06
68 1.864075000 1.884079000 0.00603343   0.886309  0.0529643
69 1.884079000 1.904079999 -0.00146412    0.924645    0.042393
70 1.904079999 1.924080000 -0.00145865    0.905941   0.0636904
71 1.924080000 1.944082000 4.51569e-05    0.868683   0.0388315
72 1.944085000 1.964086000 -0.00676571    0.845793   0.0184367
73 1.964086000 1.984086999 -0.0340077   0.921485 0.00179843
74 1.984086999 2.004088000 -0.0120298   0.975971  0.0156966
75 2.004088000 2.024092000 0.0197543  0.822779 0.0108981
76 2.024092000 2.044092999  0.0287058   0.676821 -0.0231396
77 2.044092999 2.064093000 0.0166338  0.681594 0.0345223
78 2.064093000 2.084093999 -0.00373921    0.730166   0.0216786
79 2.084093999 2.104094000 0.00252913   0.743146  0.0712042
80 2.104094000 2.124096999  -0.01382  0.767398 0.0595904
81 2.124099000 2.144100000 -0.00993569    0.747407    0.029732
82 2.144100999 2.164102000 -0.00549838    0.784853  0.00993883
83 2.164102000 2.184102999 -0.000514039     0.772968   -0.0326894
84 2.184106999 2.204108000 -0.00774509    0.698898   -0.113174
85 2.204108000 2.224110999 -0.0150002   0.746062 -0.0851398
86 2.224112000 2.244112999 -0.0239706   0.814813  -0.104863
87 2.244112999 2.264113000 -0.00611267     0.70087  -0.0730816
88 2.264114000 2.284115000 -0.00513037     0.66995 -0.00755806
89 2.284115000 2.304115999 -0.0106576    0.78045  0.0461265
90 2.304117999 2.324119000 -0.0363108   0.905784    0.16244
91 2.324119000 2.344123000 -0.0762011   0.872042   0.186127
92 2.344123999 2.364125000 -0.176203  0.904362   0.40967
93 2.364130000 2.384131000 -0.0924809   0.865417   0.349092
94 2.384131000 2.404131999 0.0276377  0.750317  0.153666
95 2.404131999 2.424133000 0.0410772   0.73272  0.125651
96 2.424133999 2.444134000 0.0158063   0.78782 0.0519995
97 2.444134000 2.464136000 0.0144161  0.860692  0.067869
98 2.464136999 2.484138000 0.0846543  0.798312 0.0255605
99 2.484138000 2.504138999  0.187401   0.66431 -0.289768
100 2.504138999 2.524139000 0.117126  0.59267 -0.40879
101 2.524140999 2.544141000 0.0311206  0.570459  -0.16377
102 2.544141000 2.564141999  0.0114022   0.539058 -0.0548819
103 2.564143999 2.584145999 -0.0079685   0.478109  -0.020446
104 2.584147000 2.604147999 -0.0324302   0.459948 -0.0167699
105 2.604149000 2.624151999 -0.0320619   0.471478  0.0334454
106 2.624151999 2.644152000 -0.0265755   0.472366  0.0311747
107 2.644155999 2.664157000 0.0247409  0.403839 -0.108374
108 2.664157999 2.684158000  0.0302133   0.379448 0.00715693
109 2.684159000 2.704160000  0.0738677   0.358196 -0.0396832
110 2.704160999 2.724167999 -0.00918836    0.490572  -0.0938605
111 2.724169000 2.784504000  0.0249277 -0.0953158  -0.211693
112 2.784505000 2.804506000 -0.196448  -0.34512  0.264321
113 2.804509000 2.824510000 -0.0297245  -0.341183 -0.0304605
114 2.824511999 2.844512999 -0.0439023  -0.356571  0.0811756
115 2.844513999 2.864514000 -0.121246 -0.368779  0.306252
116 2.864514000 2.884518000 -0.0287162  -0.375292 -0.0698722
117 2.884518999 2.904520000 0.00994912  -0.410103 -0.0176234
118 2.904522000 2.924525999 0.00443638   -0.39442  0.0186478
119 2.924527999 2.944529999 -0.0238286  -0.394188  0.0322882
120 2.944531000 2.964531999 -0.0609939  -0.425403  0.0552816
121 2.964533000 2.984535000 -0.0706432  -0.384122 -0.0176039
122 2.984535000 3.004536000  -0.065305  -0.376822 -0.0198419
123 3.004539999 3.024541000  -0.016287  -0.408881 -0.0448433
124 3.024541999 3.044543999 0.0108381  -0.42738 0.0425618
125 3.044545000 3.064546000  -0.0647749   -0.367249 0.000319582
126 3.064547999 3.084548000 -0.0452945  -0.368042 -0.0358082
127 3.084548999 3.104553999   -0.0304018    -0.397782 -0.000582392
128 3.104555999 3.124556000 -0.0333116  -0.364174 -0.0336191
129 3.124557999 3.144561000 -0.0343132  -0.363061 -0.0294849
130 3.144561000 3.164567000 -0.0357179  -0.363527 -0.0320213
131 3.164567999 3.184569000 -0.0391372  -0.380974 -0.0120951
132 3.184569000 3.204569999 -0.0744204  -0.422431 -0.0454748
133 3.204569999 3.224570000  -0.0655983   -0.393646 -0.00575904
134 3.224571999 3.244572999  -0.0535699   -0.405085 -0.00140681
135 3.244572999 3.264576000 -0.0372283  -0.410913 -0.0112602
136 3.264576999 3.284578000 -0.00824286   -0.385129 -0.00817819
137 3.284578999 3.304580000  0.0204135  -0.470335 0.00737934
138 3.304580000 3.324580999 0.00663329  -0.555321  0.0254784
139 3.324582000 3.344588000 -0.0332515  -0.504401   0.045148
140 3.344588000 3.364590000 -0.0420116  -0.521391   0.060113
141 3.364593000 3.384595999  0.025405 -0.694885  0.122473
142 3.384597000 3.404598000  0.084808 -0.844893  0.191736
143 3.404598000 3.424598999 0.0303328 -0.732702  0.100289
144 3.424598999 3.444602000 0.0041058 -0.657015  0.016924
145 3.444602000 3.464602999 -0.00229199   -0.649576  0.00361723
146 3.464602999 3.484603000 0.0213116   -0.7337 0.0512463
147 3.484603000 3.504603999 0.0113062 -0.843196 0.0498026
148 3.504605000 3.524607000   0.00418983     -0.82096 -0.000284832
149 3.524609000 3.544609999  -0.0308972   -0.691873 -0.00364715
150 3.544611000 3.564611999 -0.0406554  -0.681364 -0.0601136
151 3.564613999 3.584615000 0.000994535   -0.784596  -0.0148881
152 3.584615000 3.604616000  0.0040509  -0.848079 -0.0171578
153 3.604616000 3.624616999 -0.0276874  -0.703851 -0.0150185
154 3.624618000 3.644618999 -0.0578555  -0.613947 -0.0302459
155 3.644620000 3.664622999  -0.0112039   -0.649727 -0.00561321
156 3.664622999 3.684624000 -0.0169346   -0.67338 0.00375437
157 3.684624999 3.704626000 -0.0291998  -0.652898  0.0222355
158 3.704630999 3.724632000  0.00535156   -0.664567 -0.00676144
159 3.724632000 3.744632999  0.0226407  -0.621274 0.00320813
160 3.744632999 3.764633000 -0.00880423   -0.458574   -0.015547
161 3.764633999 3.784635000 -0.0222047  -0.462091  0.0186361
162 3.784635000 3.804635999 -0.0120779  -0.530473  0.0332451
163 3.804635999 3.824636000 0.0512384 -0.649325  0.112245
164 3.824636000 3.844636999 0.0439108 -0.524181  0.159664
165 3.844636999 3.864637000   0.01094 -0.467288  0.119632
166 3.864637000 3.884637999 -0.000168162    -0.516937    0.0700937
167 3.884637999 3.904641000 -0.0135843  -0.631937  0.0211919
168 3.904644000 3.924645999 -0.0243624  -0.739016 -0.0555703
169 3.924648999 3.944650999 -0.0348324  -0.696259 -0.0364975
170 3.944652000 3.964652999 -0.0419018  -0.593743 -0.0292184
171 3.964652999 3.984653000 -0.0321338  -0.566756 -0.0500803
172 3.984653000 4.004653999 -0.0372126  -0.617879 -0.0459269
173 4.004658999 4.024659000 -0.0170131  -0.655954 -0.0564913
174 4.024659999 4.044663000   0.0270927   -0.650168 -0.00729678
175 4.044663999 4.064665000 0.0501995 -0.579145 0.0769688
176 4.064665999 4.084667999 0.0353211 -0.570998 0.0261571
177 4.084669000 4.104674000 -0.00152234   -0.522749   0.0109685
178 4.104676000 4.124676999 -0.0183957   -0.42991  0.0531883
179 4.124678000 4.144679000 -0.00984046   -0.386824    0.061772
180 4.144682000 4.164686999 0.0113234 -0.379161 0.0302802
181 4.164688000 4.184690999 0.0299771 -0.413154 0.0793021
182 4.184690999 4.204694999 0.0202244 -0.418407 0.0755181
183 4.204694999 4.224696999 0.0501563 -0.387021 0.0381936
184 4.224698000 4.244698999 0.0385656  -0.40638  0.050351
185 4.244700000 4.264700999 0.0153207  -0.53223 0.0531318
186 4.264702000 4.284728000 -0.00385452   -0.462997    0.115434
187 4.284728000 4.304729000 -0.00287047   -0.405936   0.0444262
188 4.304729000 4.324741000  0.158958 -0.639835  0.375652
189 4.324746999 4.344752999  -0.354614  -0.343349 -0.0901892
190 4.344754000 4.364756999 0.0721444 -0.391033 0.0905981
191 4.364757999 4.384763000   0.540143    -0.2374 -0.0988263
192 4.384763999 4.444842000  0.377658 0.0265205 0.0812665
193 4.444854999 4.484876000  0.245191  0.017133 0.0719984
194 4.484876000 4.504876999 0.682647 0.036576 0.293551
195 4.504881000 4.524885999 0.648309 0.075747 0.420192
196 4.524887999 4.544889000  0.473303  0.347483 -0.129218
197 4.544894000 4.564895000  0.507014   0.43459 0.0522007
198 4.564895000 4.584897000 -0.031871  0.405553 -0.128004
199 4.584900000 4.604901000  0.0332946   0.379322 -0.0524046
200 4.604904999 4.624905000 0.597471 0.108009   0.5592
201 4.624905000 4.644905999   0.60623 0.0839839  0.215556
202 4.644908999 4.664909000 -0.0095216   0.424413 -0.0735843
203 4.664909000 4.684909999  0.0046473   0.468799 -0.0354506
204 4.684913000 4.704918999  0.0388076   0.472617 -0.0308502
205 4.704918999 4.724919000  0.0170816   0.500102 -0.0232303
206 4.724922000 4.744926000 0.00263995   0.531834 -0.0494234
207 4.744931999 4.764935000  -0.017839   0.501803 -0.0744696
208 4.764935000 4.784936000 0.00776228   0.537099  -0.133451
209 4.784936000 4.804936999 -0.0292317   0.619742  -0.209248
210 4.804938999 4.824940000 -0.0820173   0.710302    -0.2474
211 4.824940000 4.844942999 -0.0679935   0.753431  -0.313501
212 4.844944000 4.864944999 -0.00332712    0.758024   -0.159526
213 4.864944999 4.884945000  0.0110316   0.668202 -0.0880966
214 4.884946000 4.904947999 0.017082 0.656137 0.014036
215 4.904948999 4.924949000 -0.00598539    0.687681    0.123335
216 4.924949000 4.944949999 -0.0308216   0.689313   0.162676
217 4.944949999 4.964950000 -0.0376009   0.755917   0.249833
218 4.964950000 4.984952999 -0.0150713   0.825305   0.248461
219 4.984952999 5.004954000 -0.0127078   0.847278   0.200343
220 5.004954999 5.024956000 0.0119932  0.827465  0.184298
221 5.024956000 5.044960999 0.0115436  0.731733 0.0819317
222 5.044960999 5.064962000 0.0128505  0.751765  0.123068
223 5.064962999 5.084963000 -0.0170492   0.769614  0.0488302
224 5.084964999 5.104965000  -0.025269   0.778782 -0.0916381
225 5.104966000 5.124969000 -0.00490347    0.778958   -0.144734
226 5.124969000 5.144974000 0.00601196   0.711976  -0.132783
227 5.144974999 5.164976000 -0.0131593   0.729339 -0.0532485
228 5.164978000 5.184978999 -0.0123759   0.799458 -0.0301748
229 5.184978999 5.204979000  -0.017627   0.722095 -0.0609294
230 5.204979000 5.224981000 0.0160242  0.664664 -0.041726
231 5.224983999 5.244985000 0.00545615   0.695596 -0.0229161
232 5.244985000 5.264985999  0.0134358   0.726046 -0.0761922
233 5.264987000 5.284989999 0.0326492  0.727914 -0.103554
234 5.284991000 5.304993000  0.0288333   0.635609 -0.0783287
235 5.304993000 5.324995999 -0.00445228    0.596853  -0.0618921
236 5.324997000 5.344999999 -0.0224193   0.619484 -0.0369139
237 5.345002999 5.365003000 -0.0406795   0.729486   -0.12954
238 5.365003000 5.385003999 -0.0069482   0.726562  -0.134635
239 5.385003999 5.405004000 0.0719428  0.741603 -0.179181
240 5.405004000 5.425006000  0.0413673   0.689651 -0.0990457
241 5.425006000 5.445006999 0.00938469    0.65227 -0.0727791
242 5.445008000 5.465008999 0.00307705   0.671966 -0.0251043
243 5.465008999 5.485009999 0.00402458    0.64428   0.027413
244 5.485011000 5.505013000 0.0164914  0.564675 0.0408829
245 5.505013000 5.525015000 0.0145385  0.627239 0.0397781
246 5.525015999 5.545017000 -0.0131749   0.650519 -0.0223608
247 5.545020999 5.565021000 -0.0306671   0.631233  -0.081153
248 5.565021000 5.585021999 -0.0377966   0.609896 -0.0933864
249 5.585023000 5.605023999 -0.0442224   0.610136  -0.120375
250 5.605023999 5.625024000 -0.0320104   0.628185 -0.0946954
251 5.625024000 5.645024999  0.0235791   0.591443 -0.0677894
252 5.645024999 5.665026000  0.204556  0.559432 0.0821957
253 5.665026000 5.685027000 0.0967285  0.607022 0.0314705
254 5.685027000 5.705027999 0.0387034  0.592798 -0.127724
255 5.705029000 5.725029999  0.175378  0.594428 -0.299769
256 5.725029999 5.745030999   0.29948  0.572013 -0.239622
257 5.745031999 5.765032999  0.206748   0.60739 -0.299023
258 5.765034000 5.785036999  0.196261  0.526107 -0.297362
259 5.785036999 5.805038000  0.0675881    0.51758 -0.0166253
260 5.805038999 5.825040000 0.0477424  0.505363  0.108035
261 5.825040999 5.845042000 0.0411076  0.501574 0.0643008
262 5.845042000 5.865043000  0.0630279   0.534801 -0.0832581
263 5.865044000 5.885045000 0.0579077   0.58155 -0.178083
264 5.885050000 5.905052999  0.178001  0.515717 -0.376733
265 5.905054000 5.925054999  0.0742581   0.417314 -0.0383296
266 5.925056000 5.945056999 0.0167696   0.38981 -0.134313
267 5.945058000 5.965060999  -0.0372606    0.398484 -0.00290775
268 5.965065999 5.985071999 -0.0748747   0.369938    0.21755
269 5.985073000 6.005075999  0.0745385   0.632471 -0.0653009
270 6.005077000 6.025077999   0.09772 -0.543721 -0.459642
271 6.025086999 6.045088999 -0.0878629  -0.416966 -0.0419136
272 6.045088999 6.065090000 -0.0814626  -0.471455   0.255569
273 6.065090000 6.085090999 -0.0965004  -0.574587   0.337911
274 6.085092000 6.105093000 -0.0218877  -0.713915   0.205659
275 6.105096000 6.125098000  -0.0744666   -0.647234 -0.00504432
276 6.125102000 6.145102999 -0.350958 -0.712292 -0.114295
277 6.145102999 6.165104000  -0.323541  -0.978731 -0.0294462
278 6.165104000 6.185105000 -0.279999  -1.19306  0.168245
279 6.185105000 6.205107999 -0.424337   -1.0945  0.152952
280 6.205108999 6.225109000 -0.374912 -0.991061  0.200183
281 6.225109000 6.245109999 -0.108785  -1.08202  0.184716
282 6.245111000 6.265111999 -0.0102773  -0.974768 -0.0257063
283 6.265111999 6.285112000 -0.0102368  -0.978759 -0.0920682
284 6.285112000 6.305112999 -0.00407804   -0.957211   -0.142704
285 6.305112999 6.325113000 -0.0123274  -0.877716 -0.0303803
286 6.325114999 6.345115000  -0.155704  -0.935515 0.00728011
287 6.345115999 6.365117000 -0.326628 -0.862035 0.0499166
288 6.365117999 6.385119000 -0.0487974  -0.881853  0.0769509
289 6.385119000 6.405119999 0.0246744 -0.901595  0.103652
290 6.405119999 6.425120000 0.000214549    -0.85951   0.0298202
291 6.425120999 6.445122000 -0.0674854  -0.630604 -0.0749704
292 6.445124000 6.465124999 -0.0358106  -0.617936 -0.0565806
293 6.465126000 6.485126999 0.00984466  -0.742077 -0.0161914
294 6.485128000 6.505128999 0.00240417  -0.671939 -0.0144338
295 6.505128999 6.525129000  -0.0164578   -0.547718 -0.00984415
296 6.525132000 6.545134999 -0.0409845  -0.426426  0.0065263
297 6.545136000 6.565137000    0.013517   -0.417116 -0.00181123
298 6.565138000 6.585139000 0.0472572 -0.575662 0.0481876
299 6.585139000 6.605139999 0.0606899 -0.591106 0.0950352
300 6.605139999 6.625140000 0.00929672  -0.430172  0.0617454
301 6.625141999 6.645145000 0.0324872 -0.363127  0.177447
302 6.645145000 6.665151000 -0.0129583  -0.418324  0.0456668
303 6.665151999 6.685153000 -0.00103828   -0.424766  0.00272277
304 6.685155000 6.705155999 0.00689922  -0.388312  0.0935677
305 6.705155999 6.725161000 -0.0189627  -0.416045 -0.0731652
306 6.725164999 6.745165000 -0.0681175  -0.468262 -0.0165736
307 6.745166000 6.765168000 -0.207829 -0.373749 -0.162819
308 6.765168999 6.785171000 -0.350475 -0.419481 -0.242963
309 6.785182000 6.805182999 -0.642663  -0.32911 -0.205817
310 6.805182999 6.825186000   -0.441517 -0.00980356    -0.14328
311 6.825200999 6.845206000  -0.424221  -0.312032 -0.0781357
312 6.845206000 6.865208999 -0.362856 -0.436036 -0.127054
313 6.865214000 6.885218999 -0.369535 -0.368377 -0.189264
314 6.885219999 6.905225000 -0.0815945  -0.504416   0.021358
315 6.905226999 6.925227999 0.0348162 -0.639966 -0.139841
316 6.925227999 6.945229000   0.367678 0.00248673    -0.0022
317 6.945229000 6.965230000    0.439445 -0.00589027   0.0476994
318 6.965233000 6.985234000   0.556664 0.00443016  0.0525891
319 6.985234000 7.005235000    0.601648 -0.00359926   0.0752467
320 7.005235000 7.025235999    0.633886 -0.00353501   0.0474981
321 7.025235999 7.045236000    0.699934 -0.00700451   0.0786694
322 7.045236000 7.065243999    0.791929 -0.00805088   0.0993271
323 7.065243999 7.085244999   0.854538 0.00449176  0.0680793
324 7.085244999 7.105246000  0.939694 0.0109386   0.02653
325 7.105246000 7.125247000    1.04578 0.00755401  0.0258671
326 7.125247000 7.145248000    1.10191 0.00519938  0.0180516
327 7.145248000 7.165248999    1.01711 0.00166218  0.0151484
328 7.165248999 7.185249000    0.952824 -0.00752399   0.0243284
329 7.185249000 7.205249999    1.01787 0.00200934  0.0540996
330 7.205249999 7.225250000   1.09963 0.0130043  0.057654
331 7.225250000 7.245250999       1.039 -0.00296996   0.0577168
332 7.245250999 7.265251999   0.937919 -0.0227975  0.0267411
333 7.265253000 7.285254000    0.85619 -0.0207232  0.0909059
334 7.285254000 7.305255000  0.833892 0.0192816  0.114275
335 7.305257000 7.325259000  0.822009 0.0290815 0.0902902
336 7.325259999 7.345260999  0.738104 0.0246153  0.117333
337 7.345263999 7.365264999  0.595824 0.0107651  0.134561
338 7.365266000 7.385269000  0.498678 0.0293584  0.174743
339 7.385270000 7.405271000  0.484099 0.0650573  0.140337
340 7.405271000 7.425277000  0.440497  0.039657 0.0737484
341 7.425278000 7.445281000    0.380817 -0.00069699   0.0143671
342 7.445282000 7.465289000  0.129908 -0.534899 -0.137588
343 7.465289999 7.505297000    -0.384874 -0.000901012    -0.135247
344 7.505300000 7.525301000   -0.552297 -0.00572838     -0.1148
345 7.525301000 7.545304000   -0.42471 -0.0447711 -0.0400539
346 7.545305000 7.565305999  -0.373485 -0.0307475 -0.0305053
347 7.565315000 7.585323000  -0.434993 -0.0373647 0.00868592
348 7.585323000 7.605323999  -0.676754 0.00853306 -0.0157648
349 7.605323999 7.625324000   -0.735721 0.000468208  -0.0425267
350 7.625324000 7.645325999   -0.582414 -0.00422359  -0.0605874
351 7.645327000 7.665328999   -0.490306  -0.0599333 -0.00580481
352 7.665329999 7.685331000  -0.557595 -0.0466314 -0.0220662
353 7.685331000 7.705332000  -0.590222 -0.0256447 -0.0373992
354 7.705332999 7.725336000  -0.504896 -0.0321067 -0.0653321
355 7.725336000 7.745337999  -0.500251  -0.038157 -0.0922347
356 7.745339000 7.765340999  -0.686268 -0.0147676 -0.0735141
357 7.765340999 7.785341000  -0.794648 -0.0118333 -0.0832871
358 7.785343000 7.805344000  -0.642862 -0.0134948 -0.0347948
359 7.805344000 7.825345000  -0.618517 -0.0143155  0.0105846
360 7.825345000 7.845345999   -0.868852 -0.00811032 -0.00857966
361 7.845346999 7.865347999    -1.03181 0.000303739  -0.0049324
362 7.865349000 7.885350000    -0.898756 -0.000754255    0.0301493
363 7.885350999 7.905351999  -0.792057 -0.0163514  0.0430442
364 7.905351999 7.925353000  -0.973271 -0.0237227  0.0361252
365 7.925353000 7.945355999   -1.13256 -0.0012885 0.00770935
366 7.945355999 7.965356999   -0.963583 -0.00334606   -0.057933
367 7.965356999 7.985358000  -0.769156 -0.0261529  -0.141063
368 7.985359000 8.005359999  -0.859651 -0.0939754  -0.256035
369 8.005359999 8.025360000   -0.978973 -0.00923242   -0.185593
370 8.025360000 8.045360999  -0.899427 0.00164479  -0.106373
371 8.045360999 8.065363000  -0.795062 -0.0112123 -0.0365255
372 8.065364000 8.085364999  -0.925469 -0.0427812  0.0586324
373 8.085364999 8.105365000  -1.07883 -0.049806  0.194846
374 8.105365000 8.125365999    -0.9999 -0.0162809   0.224254
375 8.125365999 8.145366000 -0.857896 0.0263029  0.230921
376 8.145366999 8.165367999   -0.943932 -0.00671976    0.214082
377 8.165367999 8.185369000   -1.13311 -0.0233654    0.15722
378 8.185369000 8.205370000   -1.19531 -0.0466305   0.137481
379 8.205370000 8.225371000   -1.22379 -0.0424936  0.0867426
380 8.225371000 8.245371999    -1.2083 -0.0408332 -0.0203098
381 8.245371999 8.265372999   -1.11387  -0.066456 -0.0771566
382 8.265372999 8.285373999   -1.03884 -0.0432201  -0.145318
383 8.285373999 8.305375000   -1.02227 -0.0595795  -0.113954
384 8.305375000 8.325376000   -0.95767  -0.024787 -0.0762832
385 8.325376000 8.345377999  -0.873625 -0.0101301 0.00359587
386 8.345380999 8.365384000  -0.852889 -0.0143307   0.046453
387 8.365384000 8.385384999    -0.84786 -0.00115429    0.038046
388 8.385384999 8.405385999  -0.642083  0.0163563 -0.0224623
389 8.405387000 8.425389999   -0.41996  0.0120333 -0.0642186
390 8.425391000 8.445392999  -0.450081  0.0241309 -0.0837318
391 8.445393999 8.465394999  -0.642504 0.00931755 0.00722765
392 8.465396999 8.485397000   -0.76305 0.00538984 -0.0098709
393 8.485397000 8.505401000  -0.704041  0.0113169 -0.0889968
394 8.505401000 8.525401999 -0.505014  0.051116 -0.132082
395 8.525404000 8.545406999  -0.407417  0.0106941 -0.0976649
396 8.545409999 8.565412000   -0.529456 -0.00783044  -0.0862369
397 8.565412999 8.585413000  -0.666163 -0.0115553 -0.0586772
398 8.585415000 8.605417999    -0.658098 -0.000141721   -0.0482917
399 8.605417999 8.625420999  -0.479332 -0.0143441 -0.0483215
400 8.625421999 8.645423000 -0.349626  0.189351 -0.203793
401 8.645425999 8.685439999 -0.260722  0.231443 -0.345295
402 8.685445000 8.725494000  0.0925256 -0.0910122   0.379334
403 8.725495000 8.745495999  0.430985 0.0275664 0.0290085
404 8.745496999 8.765497999    0.615317  0.00609499 -0.00878848
405 8.765499000 8.785500999   0.654893  0.0100403 -0.0112411
406 8.785503999 8.805504000   0.700555 0.00578217  0.0215582
407 8.805504000 8.825504999   0.863162 0.00915943  -0.035872
408 8.825504999 8.845507000   1.07271 0.0216975 -0.106187
409 8.845507000 8.865512999    1.26817 0.00461725  -0.126096
410 8.865512999 8.885513999    1.33303 0.00210753  -0.152611
411 8.885513999 8.905519000    1.31748 0.00154823  -0.119551
412 8.905523000 8.925523999     1.38522 -0.00718781  -0.0755313
413 8.925523999 8.945531000     1.47178  -0.0151679 -0.00751322
414 8.945531999 8.965532999    1.49827 -0.0198301  0.0185719
415 8.965532999 8.985534000    1.41225 0.00660755  0.0174848
416 8.985534000 9.005535000   1.32987 0.0187601 0.0766872
417 9.005535000 9.025539000    1.25984 0.00644772  0.0839499
418 9.025539000 9.045540000   1.27045 0.0405149  0.119476
419 9.045540000 9.065540999   1.31178 0.0274934  0.145468
420 9.065540999 9.085541999    1.40731 0.00252338    0.13205
421 9.085545999 9.105547000   1.43322 0.0193719  0.156858
422 9.105547000 9.125548000   1.30612 0.0157035 0.0585281
423 9.125548000 9.145549000   1.19932   0.01595 0.0609227
424 9.145549000 9.165549999    1.18812 -0.0156002   0.043866
425 9.165549999 9.185550000    1.17512 0.00877766 0.00375861
426 9.185550000 9.205550999     1.30588   0.0131297 -0.00281272
427 9.205550999 9.225554000    1.36912 -0.0193004 -0.0199776
428 9.225554000 9.245554999    1.26817  -0.040935 -0.0261491
429 9.245554999 9.265555000    1.02228 0.00295155 -0.0209536
430 9.265555000 9.285555999    0.998036   0.0259266 -0.00130213
431 9.285555999 9.305556999   1.02199 0.0376764 0.0163674
432 9.305556999 9.325557999   1.02416 0.0105467 0.0399225
433 9.325557999 9.345559000    1.01192 0.00473333  0.0688688
434 9.345559000 9.365560000     1.00383   0.0281208 -0.00448902
435 9.365560000 9.385561000    1.05143  0.0320017 -0.0205025
436 9.385561000 9.405561999    1.06441 0.00890311 -0.0227573
437 9.405564000 9.425565000     1.00317 -0.00451778  -0.0181234
438 9.425565999 9.445566999   0.945541   0.030028 -0.0520877
439 9.445566999 9.465568000   0.875736  0.0151186 -0.0718877
440 9.465568000 9.485569000   0.827977 0.00121534  -0.021667
441 9.485570000 9.505571999   0.792075  0.0114147 -0.0100522
442 9.505573000 9.525574000   0.813327 0.00965032 -0.0394815
443 9.525574000 9.545575999   0.740787  0.0167733 -0.0605728
444 9.545577000 9.565578999   0.57562 0.0221125 0.0129561
445 9.565581000 9.585582000   0.40279 0.0175114 0.0140239
446 9.585589000 9.605593999  0.392771 0.0163455 0.0607057
447 9.605593999 9.625597000   0.44982  0.011745 0.0407029
448 9.625599000 9.645600000    0.463983   0.0305208 -0.00788158
449 9.645603000 9.665605999   0.373253 -0.0431007  -0.052765
450 9.665607000 9.705622000  -0.219505 0.00185298  -0.278928
451 9.705623000 9.725626000 -0.878335 0.0123585 -0.054255
452 9.725629000 9.745633000  -0.905803 0.00154818  -0.012882
453 9.745633000 9.765634000 -0.731251 0.0135256 0.0336284
454 9.765634000 9.785635000   -1.04721 0.00936772 0.00626544
455 9.785635000 9.805636999    -1.8618  0.0790859 -0.0726184
456 9.805636999 9.825638000  -2.19395  0.158437 -0.146451
457 9.825638000 9.845639000  -1.81805 0.0507239 -0.139468
458 9.845639000 9.865640999  -1.38078 0.0799093 -0.155161
459 9.865643000 9.885644000  -1.23266 0.0390117 -0.225223
460 9.885644000 9.905644999   -1.22784 0.00448337  -0.201803
461 9.905644999 9.925645999    -1.474 0.0102851 -0.163498
462 9.925645999 9.945647000   -1.80907 0.00905607 -0.0945126
463 9.945647000 9.965655000     -1.85773 -0.000348726    -0.050993
464 9.965655000 9.985656000   -1.70631 -0.0189514 -0.0256186
465 9.985656000 10.005656999   -1.74393 -0.0318223 -0.0274883
466 10.005656999 10.025657000    -1.9863 -0.0698225   -0.11352
467 10.025657000 10.045657999   -1.91721 -0.0926561 -0.0785125
468 10.045657999 10.065658000   -1.66074  -0.047691 -0.0040372
469 10.065658000 10.085658999  -1.56233 -0.110785  0.137533
470 10.085658999 10.105659999  -1.60739 -0.216151  0.126035
471 10.105659999 10.125660999  -1.46133 -0.278694  0.151894
472 10.125660999 10.145662000  -1.22544 -0.291638  0.181945
473 10.145662000 10.165663000   -1.01525 -0.0658955   0.163674
474 10.165663000 10.185664000  -0.961484 -0.0319662  0.0818963
475 10.185664000 10.205664999   -1.04795 -0.0245931  0.0299193
476 10.205664999 10.225665999   -1.08377 -0.0380104 0.00695177
477 10.225667000 10.245668000   -0.96859 -0.0355912 -0.0823989
478 10.245668000 10.265669000   -0.933385 -0.00995341  -0.0795204
479 10.265669000 10.285670999   -1.12215 -0.0252174  -0.142391
480 10.285672000 10.305673000    -1.09638 -0.00217223   -0.138184
481 10.305674999 10.325677000  -0.760135 0.00260776  -0.115402
482 10.325677000 10.345677999   -0.566336 0.000790223  -0.0708559
483 10.345677999 10.365680000  -0.795355 -0.0017542  -0.101053
484 10.365681000 10.385682000   -0.896293 -0.00278005   -0.119131
485 10.385682999 10.405683999   -0.582742 -0.00394178  -0.0896721
486 10.405683999 10.425689999  -0.366298 -0.0266431  -0.152949
487 10.425693999 10.445697000  -0.405143 -0.0959886 -0.0653874
488 10.445697999 10.465701999  -0.436786  -0.425412 -0.0910528
489 10.465703000 10.485784000 -0.319439 -0.963158  0.276585
490 10.485811000 10.505812000 0.0302488 -0.938714  0.454506
491 10.505812000 10.525813999   0.417416 -0.0159402  0.0865122
492 10.525816999 10.545817999  0.410451   0.01602 0.0717379
493 10.545817999 10.565819000  0.458359 0.0221177 0.0927875
494 10.565823000 10.585824000    0.781748 -0.00291112    0.114789
495 10.585824000 10.605824999    1.21369 -0.0555406    0.08244
496 10.605824999 10.625825000    1.47271 -0.0454957    0.09389
497 10.625825000 10.645825999     1.6102 -0.0143559  0.0711488
498 10.645825999 10.665826000     1.69043 -0.00931594   0.0353043
499 10.665826000 10.685830999    1.75635 -0.0612988  -0.159018
500 10.685830999 10.705831999    1.73276 0.00915594  -0.182121
501 10.705831999 10.725833000    1.7053  0.148314 -0.252426
502 10.725833000 10.745834999   1.5666 0.219764 -0.20395
503 10.745834999 10.765835000   1.35236  0.057214 0.0377329
504 10.765835000 10.785835999    1.23072 -0.0114371   0.148077
505 10.785835999 10.805836999   1.30911 -0.035642  0.172168
506 10.805836999 10.825839999   1.25509 0.0252477  0.125375
507 10.825840999 10.845842000  0.979841  0.126055 0.0452666
508 10.845843000 10.865846000   0.790536  0.0226814 -0.0573015
509 10.865847000 10.885847999    0.776511 -0.00106587  -0.0255249
510 10.885847999 10.905848000   0.614483  0.0337864 0.00866877
511 10.905848999 10.925851000   0.469606  0.0754835 -0.0180691
512 10.925854000 10.945855000   0.408979  0.0343503 0.00227224
513 10.945860999 10.965867999  0.364298  0.520597 0.0799314
514 10.965869000 11.005888999   0.0424871    0.143998 0.000633302
515 11.005896999 11.045916000   0.169015  0.0948355 -0.0749205
516 11.045921999 11.106218000 0.0891383 0.0435823 0.0759302
517 11.106239999 11.146267000 0.0953148 0.0987286 -0.133456
518 11.146279999 11.166282999 -0.0959707   0.534753  -0.898733
519 11.166284000 11.186286999  0.310034  0.499639 0.0593211
520 11.186292000 11.206293000 -0.128765  0.484528  -1.38379
521 11.206293999 11.226297999 -0.084072 -0.368566  -0.39896
522 11.226298999 11.246300000 -0.028596 -0.171157 -0.944275
523 11.246300000 11.266301999 0.0421587 -0.131194  -1.08933
524 11.266301999 11.286305000 0.00797956  0.0127823   -1.23787
525 11.286305999 11.306308000  -0.13874 0.0848269  -1.32588
526 11.306308000 11.326309000 -0.166888  0.104441  -1.33027
527 11.326309000 11.346310999 -0.136992 0.0371749  -1.22563
528 11.346310999 11.366311999 -0.128723 0.0237741  -1.25201
529 11.366311999 11.386317000 -0.113708  0.140632   -1.2707
530 11.386317999 11.406319999 -0.0140268   0.160796   -1.37674
531 11.406321999 11.426324000 0.0564231  0.098738  -1.42811
532 11.426324000 11.446325000   0.0961173 -0.00283076      -1.414
533 11.446326000 11.466327999  0.0729279 -0.0965347   -1.31753
534 11.466329000 11.486330000 0.0274136  -0.19114  -1.18123
535 11.486330000 11.506333000 -0.024311 -0.195759    -1.252
536 11.506334000 11.526334999 -0.0283216  -0.246762   -1.25957
537 11.526335999 11.546337000 -0.0553073  -0.318236   -1.25569
538 11.546337000 11.566338999 -0.0232192  -0.252817   -1.26968
539 11.566338999 11.586340999 0.0223352 -0.110822  -1.43695
540 11.586340999 11.606343000  0.100043 -0.223921  -1.41245
541 11.606343999 11.626344999  0.156828 -0.374369  -1.24563
542 11.626344999 11.646347000  0.106144 -0.504997 -0.900727
543 11.646347000 11.666347999 -0.0957866  -0.439202   -1.04142
544 11.666347999 11.686348999 -0.153257 -0.316822  -1.25098
545 11.686349999 11.706351000 0.0214537 -0.304786  -1.35252
546 11.706352000 11.726352999  0.292298 -0.257731  -1.41094
547 11.726353999 11.746360999  0.276254 -0.299788  -1.43516
548 11.746362000 11.766363999  0.203776 -0.278981  -1.40443
549 11.766363999 11.786364000  0.184807 -0.212371  -1.24948
550 11.786364000 11.806364999  0.240602 -0.243153  -1.06606
551 11.806364999 11.826368999  0.339966  -0.30007 -0.931453
552 11.826368999 11.846369999  0.341473 -0.311674  -0.91838
553 11.846369999 11.866370999   0.26595 -0.224965 -0.886731
554 11.866372000 11.886373000  0.168008 -0.141914  -0.89813
555 11.886373000 11.906374999  0.105441 -0.128934 -0.860319
556 11.906377999 11.926378999  0.0580843 -0.0559539  -0.920858
557 11.926384000 11.946385999 -0.256608 -0.418566 -0.823394
558 11.946388000 11.966409999 -0.160803 -0.557726 -0.484053
559 11.966409999 12.006416000   0.173067 -0.0384922   0.108825
560 12.006417000 12.026424999   0.458465 -0.0961924   0.208481
561 12.026428000 12.046431999 -0.00299085   0.0252582    0.955421
562 12.046434000 12.066435000 -0.0339661 -0.0132048    1.09379
563 12.066438000 12.086439000 -0.0763028   0.105848    1.08408
564 12.086439000 12.106440000 -0.0619701   0.139454    1.14637
565 12.106440000 12.126440999 -0.0545602  0.0527988    1.39682
566 12.126447999 12.146448999 -0.0732605  0.0213276    1.62772
567 12.146448999 12.166451999 -0.195015 0.0405228   1.70512
568 12.166452999 12.186455000 -0.338616  0.167552   1.56088
569 12.186455999 12.206456999 -0.30136 0.158963  1.53412
570 12.206456999 12.226462000 -0.175354 0.0355653   1.74817
571 12.226462000 12.246463999 -0.198628  0.112014   1.71999
572 12.246464999 12.266466000 -0.299978  0.202841   1.66944
573 12.266466000 12.286467000 -0.310661  0.191915   1.74904
574 12.286467000 12.306468000 -0.249164  0.102871   1.98417
575 12.306468000 12.326468999 -0.298302  0.137888   2.11954
576 12.326468999 12.346469999 -0.386854  0.215551   2.05506
577 12.346469999 12.366470999 -0.371602  0.154923   2.11331
578 12.366472000 12.386473000 -0.229667   0.14163   2.31224
579 12.386473000 12.406474999 -0.224947  0.255968   2.42521
580 12.406477999 12.426478999 -0.278639  0.309736   2.29245
581 12.426478999 12.446480000 -0.35098 0.150511    2.191
582 12.446481000 12.466482000  -0.31825 0.0837921   2.22986
583 12.466482000 12.486482999 -0.332486  0.114345   2.29565
584 12.486482999 12.506483999 -0.380772  0.196239   2.23597
585 12.506483999 12.526485000 -0.419253  0.185323   2.02087
586 12.526486000 12.546487000 -0.282179 0.0395342   2.04506
587 12.546487000 12.566487999 -0.180892 0.0279359   2.31844
588 12.566487999 12.586488000  -0.2245 0.125908  2.42509
589 12.586488999 12.606489999 -0.279893  0.287632   2.23281
590 12.606489999 12.626491000 -0.202209  0.242494    2.0379
591 12.626491000 12.646492000 -0.106396 0.0708745   2.06544
592 12.646492000 12.666493000 -0.0149068   0.209559    2.15064
593 12.666493000 12.686493999 0.0166053   0.30409   2.19957
594 12.686493999 12.706494999 0.0252801  0.404138     2.135
595 12.706494999 12.726495999 -0.0027565    0.41956    2.01893
596 12.726495999 12.746497000 0.0746045  0.418126   1.85204
597 12.746497000 12.766499999 0.303641 0.381557  1.83431
598 12.766499999 12.786501000 0.355802  0.38541   1.7475
599 12.786501000 12.806505000 0.167042 0.387398  1.69423
600 12.806505000 12.826506999 0.0322113  0.334598   1.42225
601 12.826509000 12.846514000 0.0844438 0.0485893   1.20154
602 12.846514000 12.866517000  -0.096581 -0.0191509    1.30766
603 12.866518000 12.886518999 -0.347149 0.0546911   1.41882
604 12.886518999 12.906519999 -0.432037  0.137211   1.33749
605 12.906519999 12.926522000  -0.30931 0.0839057   1.15396
606 12.926522999 12.946525000 -0.312391 0.0423815   1.04336
607 12.946525000 12.966527999  -0.352035 0.00209046   0.837389
608 12.966529000 12.986530000 -0.508055 -0.068974  0.257427
609 12.986530000 13.006535999 -0.522675 -0.230338  0.429186
610 13.006542999 13.026545999  0.341389 -0.261427   1.55033
611 13.026548000 13.046549000  0.264292 -0.119192 -0.972082
612 13.046549999 13.066553000   0.263007 -0.0369517   -1.49589
613 13.066553000 13.086553999   0.285575 -0.0520023   -2.00823
614 13.086553999 13.106554999  0.431786 -0.236418  -2.40097
615 13.106554999 13.126555999  0.500697 -0.342229  -2.43719
616 13.126555999 13.146557000  0.436382 -0.248125  -2.30531
617 13.146557000 13.166558000   0.34032 -0.193513  -2.29871
618 13.166559999 13.186561000  0.341609 -0.357899  -2.16899
619 13.186561000 13.206562000  0.326808 -0.437246  -1.88586
620 13.206563000 13.226563999  0.203305 -0.367881  -1.67121
621 13.226563999 13.246564999  0.101791 -0.256611  -1.77357
622 13.246564999 13.266565999  0.157791 -0.247608  -2.01164
623 13.266565999 13.286567000 0.347169 -0.23354 -2.20232
624 13.286567000 13.306568000  0.448908 -0.160525  -2.28341
625 13.306568000 13.326569000  0.370035 -0.127806  -2.43367
626 13.326569000 13.346569999  0.243806 -0.124286  -2.60107
627 13.346569999 13.366570999 0.218822  -0.1648 -2.79168
628 13.366570999 13.386573000  0.186733 -0.176183   -2.7884
629 13.386573000 13.406574000  0.133103 -0.195486  -2.50747
630 13.406574000 13.426574999 0.0202886 -0.224648  -2.28066
631 13.426574999 13.446575999 0.0313378 -0.197153  -2.35918
632 13.446575999 13.466578000   0.15698 -0.275479  -2.34095
633 13.466578000 13.486579000  0.306808 -0.244078  -2.24442
634 13.486579000 13.506579999  0.352487 -0.225669  -2.09985
635 13.506579999 13.526580000  0.280763 -0.132464  -2.18026
636 13.526580000 13.546580999   0.209461 -0.0799904   -2.40557
637 13.546580999 13.566583000   0.33168 -0.131296  -2.45324
638 13.566583000 13.586584000  0.517719 -0.103971  -2.32998
639 13.586584999 13.606585000  0.510071 0.0366918  -2.29444
640 13.606591000 13.626592999 0.348045 0.115107 -2.46748
641 13.626593999 13.646595000  0.298337 0.0106152  -2.67211
642 13.646595000 13.666596000   0.39399 0.0325509  -2.61566
643 13.666596000 13.686597000  0.459582 0.0651834  -2.22679
644 13.686597000 13.706597999  0.396471 0.0590461   -1.9924
645 13.706598999 13.726600000  0.338358 0.0906702   -1.8611
646 13.726605999 13.746606999 0.343068 0.122601 -1.81019
647 13.746606999 13.766608000 0.457727 0.086224 -1.98935
648 13.766608000 13.786610999   0.590057 -0.0239114    -2.1369
649 13.786610999 13.806613999  0.644525 -0.046343  -2.07944
650 13.806614999 13.826618999  0.573119 0.0121938  -2.01113
651 13.826618999 13.846620000 0.385123 0.110816 -1.97444
652 13.846621000 13.866621999 0.297671 0.101967  -1.8204
653 13.866621999 13.886622000  0.345191 0.0691028  -1.55317
654 13.886622000 13.906622999   0.294042 -0.0767751   -1.48719
655 13.906622999 13.926623999   0.23443 -0.167885  -1.35991
656 13.926623999 13.946626999  0.188947 -0.132741  -1.07017
657 13.946627999 13.966630000 -0.0252731  0.0325081   -1.15876
658 13.966631999 13.986634999 -0.0605266  0.0177584   -1.17365
659 13.986637000 14.006638000  0.199152 -0.234946 -0.779683
660 14.006639999 14.026645999   0.11206 -0.468107   -1.1013
661 14.026646999 14.087396999 0.0716539 -0.113306 0.0938796
662 14.087397999 14.107398999 0.0832093 -0.452536  0.195018
663 14.107398999 14.127400000 -0.159022 -0.204984   1.27782
664 14.127405999 14.147407000 -0.201842 -0.265476   1.83553
665 14.147408000 14.167412999 -0.168926 -0.296098   2.45399
666 14.167413999 14.187415000 -0.188818 -0.276256   2.91074
667 14.187415000 14.207416000 -0.331382 -0.206302    3.0021
668 14.207416000 14.227417000 -0.376737 -0.217229    3.0118
669 14.227417999 14.247418999  -0.26961 -0.223491   3.22484
670 14.247421000 14.267421999 -0.256113 -0.131451   3.46999
671 14.267422999 14.287424000 -0.381312 0.0171985   3.47485
672 14.287424000 14.307428000 -0.469002 0.0602105    3.3142
673 14.307429000 14.327429999 -0.510976  0.108207   3.08152
674 14.327429999 14.347430999 -0.487865  0.216498   2.71489
675 14.347430999 14.367431999 -0.322412  0.241432   2.50547
676 14.367431999 14.387433000 -0.12786 0.252972  2.43078
677 14.387433000 14.407434000 -0.0518806   0.331271    2.37096
678 14.407434000 14.427435000 -0.0963348   0.293119    2.35062
679 14.427435000 14.447435999 -0.0785268   0.136118    2.45244
680 14.447435999 14.467436999 -0.0265934  0.0824957    2.56978
681 14.467436999 14.487437999 -0.0659834  0.0876448    2.67537
682 14.487437999 14.507439000 -0.156734 0.0904206   2.58046
683 14.507439000 14.527440000   -0.0389875 -0.000840966      2.69719
684 14.527440000 14.547441000   0.145856 -0.0104572    2.95266
685 14.547444999 14.567445999 0.0821565  0.216771   2.99917
686 14.567445999 14.587446999 -0.106515  0.196932   2.72374
687 14.587446999 14.607449000  -0.136862 -0.0144126    2.51633
688 14.607449000 14.627449999 -0.172729 -0.129312   2.83427
689 14.627450999 14.647452000  -0.31557 0.0370216   3.35596
690 14.647452000 14.667453000 -0.405444  0.252115   3.26226
691 14.667453000 14.687456000 -0.252948  0.293648   2.75199
692 14.687457000 14.707458000 -0.0366144  0.0922853    2.43448
693 14.707458999 14.727459999 0.0184137  0.104734   2.42634
694 14.727461000 14.747462000 -0.173741  0.268385   2.14021
695 14.747462000 14.767462999 -0.256092  0.339475   1.76225
696 14.767462999 14.787463000 -0.100991  0.332497   1.59226
697 14.787463000 14.807463999 -0.101492  0.361754   1.29265
698 14.807463999 14.827464000 -0.256954  0.310474  0.699632
699 14.827464000 14.847464999 -0.315879   0.15649  0.551528
700 14.847465999 14.867471000 -0.186548  0.165226  0.645179
701 14.867471999 14.887472999 -0.108887  0.108807  0.821283
702 14.887483999 14.907490999 0.0943684  0.467951   0.41685
703 14.907490999 14.927491999  0.402742 0.0800136 -0.137029
704 14.927493000 14.947494000   0.40918  0.185675 -0.518524
705 14.947494999 14.967495999 0.152043 0.189793 -1.32653
706 14.967495999 14.987497000 0.183587 0.110305  -1.9154
707 14.987497000 15.007498000  0.306448 0.0433085  -2.55593
708 15.007498000 15.027499000   0.471033 -0.0379539   -2.99066
709 15.027499000 15.047499999   0.459748 -0.0966945   -3.35935
710 15.047499999 15.067500000   0.400253 -0.0677401    -3.5034
711 15.067500000 15.087500999  0.247306 -0.104189  -3.52031
712 15.087500999 15.107501000   0.289277 -0.0495782   -3.53641
713 15.107501000 15.127504000  0.554347 -0.214666  -3.37819
714 15.127504000 15.147508000  0.702858 -0.392438  -3.02794
715 15.147508999 15.167512000  0.478089 -0.381946  -2.60677
716 15.167512999 15.187513000  0.164356 -0.251183  -2.31229
717 15.187513000 15.207513999 -0.0413429   -0.28381   -2.09067
718 15.207513999 15.227514999 -0.0287574  -0.358414      -1.85
719 15.227516000 15.247517999 -0.0249197  -0.273499   -1.43533
720 15.247518999 15.267520000 -0.153616 -0.256423 -0.985018
721 15.267520000 15.287521000 -0.264539 -0.264726 -0.715401
722 15.287521000 15.307523999 -0.180827 -0.298064 -0.462225
723 15.307523999 15.327526999 -0.322538 -0.361539 0.0140825
724 15.327539000 15.347564999 -0.634748 -0.284714  0.871703
725 15.347568000 15.367583999 -0.749248  -0.43972  -1.15077
726 15.367585000 15.387589000  0.145506 -0.826894 -0.279219
727 15.387592000 15.407596000  0.410632 -0.862617 -0.537366
728 15.407607000 15.427612999 0.00939204  -0.550401 -0.0974869
729 15.427617000 15.447619999  -0.105393  -0.537964 -0.0708816
730 15.447631000 15.467667000 -0.223238 -0.461818  0.162941
731 15.467694000 15.507719000   -0.218163   -0.457696 -0.00822414
732 15.507723999 15.547727000 -0.0936374  -0.302841  -0.377023
733 15.547730000 15.587812999 -0.0837464  -0.255909   -1.89209
734 15.587828999 15.649924000 -0.030457 -0.043125  0.137727
735 15.649959000 15.689990000  0.155721 -0.187433  0.705189
736 15.690000000 15.730074999   0.132726 -0.0734367   0.771792
737 15.730113999 15.770130000   0.364342 -0.0841887     1.2311
738 15.770131999 15.790134999 -0.0266456   0.641983  -0.322888
739 15.790134999 15.830159000 -0.180479 -0.169791 0.0273498
740 15.830162000 15.850167000 -0.0823088  -0.561255  -0.164248
741 15.850167999 15.870168999 -0.0760027   -0.59819 -0.0948174
742 15.870170000 15.890174000 0.0297338 -0.629356  0.553806
743 15.890175999 15.910178000 0.0165197  -0.47278  0.141577
744 15.910186999 15.930189000 0.477518 -0.42704 0.208201
745 15.930193000 15.950196000 0.0277704 -0.389495  0.108631
746 15.950196000 15.970198999 -0.0924173  -0.415062   0.143993
747 15.970200000 15.990201000 -0.151714  -0.62769  0.394044
748 15.990201000 16.010201999 -0.124595  -1.08383  0.529214
749 16.010201999 16.030202000 -0.00795595    -1.61909    0.783508
750 16.030202000 16.050202999 0.023102 -2.11722  1.15054
751 16.050202999 16.070203999 -0.0436956   -2.50129     1.4367
752 16.070203999 16.090204999 -0.143493  -2.71502   1.53466
753 16.090204999 16.110206000 -0.108587  -2.76672   1.42739
754 16.110206000 16.130207000 -0.00270036    -2.57979     1.06682
755 16.130207000 16.150208000 0.036267 -2.44821 0.642377
756 16.150208000 16.170208999 -0.0387395   -2.35799   0.271645
757 16.170208999 16.190209999 -0.207041  -2.06969 0.0988592
758 16.190209999 16.210211000 -0.366107  -1.47736 -0.321789
759 16.210211000 16.230212000 -0.335885 -0.942604 -0.728697
760 16.230213999 16.250214999 -0.280009 -0.597168 -0.917817
761 16.250216999 16.270217000 -0.174857 -0.467011 -0.763341
762 16.270217999 16.290221999 -0.226864 -0.254223  -0.73095
763 16.290227000 16.310238000  -0.571223 -0.0232042  0.0962685
764 16.310245000 16.330246000 -0.436016 0.0933504  -1.17771
765 16.330246999 16.350252000  0.0258957    0.58622 -0.0738626
766 16.350253999 16.370254000  0.0365143   0.741654 -0.0055219
767 16.370254999 16.390255999 0.00166412    1.16254  0.0336486
768 16.390255999 16.410257000  0.00329317     1.82032 0.000578184
769 16.410257000 16.430258000 -0.0152788    2.24127  -0.123466
770 16.430258999 16.450259000 -0.0114159    2.83471  -0.348795
771 16.450259000 16.470259999 -0.0394712    3.37926  -0.610354
772 16.470259999 16.490263999  0.018949   3.71714 -0.689103
773 16.490263999 16.510264999  0.170871   3.98401 -0.503941
774 16.510264999 16.530266000  0.193469    4.0802 -0.276382
775 16.530266000 16.550267000   0.126308    3.97011 -0.0366992
776 16.550267000 16.570268000  0.0469182    3.41362 -0.0599411
777 16.570268000 16.590268999  0.277617   2.73244 -0.310586
778 16.590268999 16.610269000  0.520931   2.26495 -0.247484
779 16.610269000 16.630269999  0.687469   2.30407 -0.207358
780 16.630269999 16.650270000 0.718881  1.89495 -0.35829
781 16.650270000 16.670270999 0.621362  1.27412 -0.37557
782 16.670270999 16.690271000 0.168134  1.16537 -0.46093
783 16.690271000 16.710272999 0.0374544  0.914071  -0.54667
784 16.710274000 16.730275000  0.270314   0.49936 -0.458292
785 16.730275000 16.750278000 0.0947974  0.455142 0.0971804
786 16.750282000 16.770283000  -0.112533 -0.0370491   0.333082
787 16.770283000 16.790283999 -0.229807 -0.695573   0.59247
788 16.790283999 16.810284999 -0.149849  -1.20473  0.867879
789 16.810284999 16.830285999 -0.194753  -1.43342  0.986168
790 16.830285999 16.850287000 -0.331155  -1.68486  0.840075
791 16.850287000 16.870288000 -0.347798  -2.22952  0.848192
792 16.870288000 16.890289000 -0.375515  -2.87683  0.986954
793 16.890289000 16.910289999 -0.64198 -3.38009  1.12532
794 16.910289999 16.930290999 -0.766248  -3.48593   1.20208
795 16.930290999 16.950292000 -0.717731  -3.76442   1.40561
796 16.950292000 16.970293000 -0.486937  -4.26503   1.53154
797 16.970293000 16.990297000 -0.306587  -4.24801   1.33273
798 16.990297000 17.010298000 -0.28061 -4.17964 0.791332
799 17.010298000 17.030298999 -0.199253  -3.71233  0.161891
800 17.030298999 17.050299000 -0.0893544   -2.49269  -0.546934
801 17.050299000 17.070302000 -0.207758  -1.40477  -1.08996
802 17.070302000 17.090303000 -0.340866  -1.05752    -1.329
803 17.090303000 17.110303999 -0.316443 -0.892599  -1.27401
804 17.110303999 17.130304999 -0.273871 -0.532856 -0.867349
805 17.130304999 17.150308000 -0.285675  0.143538 -0.911943
806 17.150308999 17.170309999 -0.0852906   0.694479  -0.357531
807 17.170312000 17.190312999 -0.0319332   0.788879  -0.182943
808 17.190312999 17.210313999 0.0171364  0.907285  0.113215
809 17.210313999 17.230316000 0.0260612   1.35392  0.158133
810 17.230316999 17.250317000 -0.0867716    2.28641 -0.0856161
811 17.250317000 17.270320000 -0.222036   3.57369 -0.404989
812 17.270320000 17.290321000 -0.157232    4.2646 -0.472112
813 17.290321000 17.310321999 0.0873733   4.46691 -0.560797
814 17.310321999 17.330323999   0.24324   4.27758 -0.598195
815 17.330323999 17.350325000   1.32252 0.0972542  0.504716
816 17.350325000 17.370326000  0.457561    4.3988 -0.327379
817 17.370326000 17.390327000  0.559347   4.15553 -0.447384
818 17.390327000 17.410328999  0.709035   3.15013 -0.448881
819 17.410328999 17.430330000  0.560072    2.3889 -0.265425
820 17.430330000 17.450331000 0.0487152   2.25614 0.0534132
821 17.450331000 17.470332000 -0.0130734    1.98444 -0.0770186
822 17.470332000 17.490332999  0.330156   1.47982 -0.110132
823 17.490332999 17.510333999 0.340666  1.26602 0.057579
824 17.510333999 17.530334999  0.00717064      1.2452 -0.00538231
825 17.530334999 17.550336000 0.0060902   1.01282 -0.123348
826 17.550337000 17.570337999   0.016967   0.764472 -0.0565043
827 17.570337999 17.590338000 -0.0433819   0.614595  0.0589626
828 17.590338000 17.610339999 -0.0633106   0.458741  0.0457917
829 17.610344000 17.630345999 -0.346104 0.0393197   0.19735
830 17.630345999 17.650346999  -0.360056 -0.0859961   0.266328
831 17.650346999 17.670349000 -0.246976 -0.479902  0.543238
832 17.670350999 17.690353999 -0.166504 -0.786797  0.526155
833 17.690356000 17.710357000 -0.25811 -1.16478 0.494316
834 17.710357000 17.730358000 -0.354052  -1.84525  0.694317
835 17.730358000 17.750358999 -0.327219  -2.74121  0.947114
836 17.750358999 17.770359000 -0.310177  -3.42687   1.28954
837 17.770359000 17.790359999 -0.452386  -3.41792   1.38102
838 17.790359999 17.810360999 -0.564996  -3.22239   1.36227
839 17.810360999 17.830361999 -0.496164  -3.48559    1.1253
840 17.830361999 17.850363000 -0.427546  -3.85159  0.829118
841 17.850363000 17.870364000 -0.498712  -3.76439  0.445812
842 17.870364000 17.890365000 -0.473432  -3.06904 -0.122719
843 17.890365000 17.910365999 -0.417057   -2.2435 -0.837414
844 17.910365999 17.930366999 -0.363823  -1.84529  -1.12324
845 17.930366999 17.950367999 -0.341479  -1.80875 -0.908271
846 17.950367999 17.970369000 -0.282724  -1.92187 -0.588116
847 17.970369000 17.990374000 -0.327339  -1.86875 -0.306903
848 17.990374999 18.010375999 -0.313921  -1.17632 -0.345585
849 18.010375999 18.030379999 -0.251678 -0.533849 -0.377948
850 18.030381000 18.050385000 0.0063198 -0.499612  0.137146
851 18.050388000 18.070396000 -0.0139393  -0.404851  0.0130403
852 18.070404999 18.090407000 -0.00518398   -0.390364  -0.0133432
853 18.090413000 18.110417999 0.0300452 -0.528765  0.228701
854 18.110427000 18.130428999 -0.0213556    0.54341  -0.159683
855 18.130429999 18.150431000 0.00571963   0.811556 -0.0857969
856 18.150432000 18.170433000 -0.0128464    1.08448  -0.049941
857 18.170433000 18.190433999 -0.0104716    1.47433 -0.0262173
858 18.190437999 18.210438999 0.00283482    2.06892 -0.0767369
859 18.210438999 18.230440000 0.0572768   2.94451 -0.204913
860 18.230440000 18.250441000  0.136448   3.76562 -0.253578
861 18.250441000 18.270442000  0.233259   4.12221 -0.189628
862 18.270442000 18.290442999  0.237683   4.18212 0.0501549
863 18.290442999 18.310443999 0.215724   4.1455 0.170154
864 18.310443999 18.330445000 0.378746  3.84712  0.10618
865 18.330445000 18.350446000  0.646751   2.89619 0.0375317
866 18.350446000 18.370447999  0.661644   1.77817 0.0966118
867 18.370448999 18.390450000 0.279544  1.59661 0.104228
868 18.390450000 18.410451000 0.0117574   1.21419 0.0449851
869 18.410451000 18.430452000 0.0948188  0.674704 0.0686618
870 18.430452000 18.450459000  0.424468  0.289836 -0.280427
871 18.450462000 18.470463000  -0.401031 -0.0522896 -0.0664523
872 18.470464999 18.490467000  -0.347744  -0.251554 -0.0929981
873 18.490474000 18.510474999  -0.107563  -0.425705 -0.0900166
874 18.510474999 18.530478000 -0.176233 -0.422397  -0.27653
875 18.530478999 18.550479999 -0.0852574  -0.537459 -0.0473667
876 18.550483999 18.570488000  -0.02514 -0.502733 0.0520155
877 18.570489999 18.590490999 -0.00701229   -0.468555   0.0126549
878 18.590492000 18.610496000 -0.108746 -0.454757 -0.165824
879 18.610496000 18.630497000  -0.147288  -0.515214 -0.0500884
880 18.630498999 18.650500000 -0.0105709  -0.570301   0.073018
881 18.650500000 18.670501000  0.020995 -0.720864   0.15358
882 18.670502000 18.690502999 0.00154568  -0.759039   0.134205
883 18.690502999 18.710507999 -0.148146 -0.619948  0.308678
884 18.710513999 18.730514999 -0.163455 -0.640528  0.137035
885 18.730514999 18.750516000 -0.0792128  -0.809229  0.0518744
886 18.750516000 18.770517000  -0.23392 -0.908783 0.0418673
887 18.770517000 18.790518000 -0.388552 -0.713108 0.0141543
888 18.790518000 18.810518999   -0.4311 -0.409601 -0.110188
889 18.810519999 18.830520999 -0.189302 -0.474834 -0.254033
890 18.830520999 18.850523000 -0.0589852   -0.60603  -0.043481
891 18.850525000 18.870526000 -0.121925 -0.655661 0.0116894
892 18.870526000 18.890527999  -0.318319  -0.476846 -0.0830274
893 18.890528999 18.910530000 -0.0253618   -0.48002  0.0289111
894 18.910531000 18.930531999  -0.129865  -0.357789 -0.0704967
895 18.930531999 18.950534000 -0.0638955  -0.370597 -0.0396588
896 18.950535999 18.970536000 -0.0195093  -0.442304  0.0102904
897 18.970538000 18.990539000   -0.032223   -0.419404 -0.00273872
898 18.990542000 19.010543000  -0.0384837   -0.389736 -0.00549162
899 19.010543999 19.030546000   0.0322808   -0.441341 -0.00535061
900 19.030546000 19.050547000  0.465809 -0.278532  0.294928
901 19.050547000 19.070548000 0.855251  -0.3531 0.326444
902 19.070548000 19.090548999   1.44092 -0.303939  0.436743
903 19.090548999 19.110549000    2.0676 -0.126042  0.387609
904 19.110549000 19.130549999    2.62622 0.00249914   0.297146
905 19.130549999 19.150550000     3.09902 -0.00593921    0.147857
906 19.150550000 19.170550999    3.28849 -0.0551916 -0.0523818
907 19.170550999 19.190551999    3.17343 -0.0151681  -0.123593
908 19.190551999 19.210552999   2.78966 0.0190379 -0.121899
909 19.210552999 19.230557000   2.16148 0.0482062 -0.135476
910 19.230557000 19.250559000    1.48249    0.10825 -0.0452554
911 19.250561000 19.270562000  0.962538 0.0760116  0.227888
912 19.270562000 19.290564999  0.615351 0.0500681  0.312911
913 19.290567999 19.310597000  0.322127   0.52445 -0.200193
914 19.310623999 19.330625000 -0.746992 0.0328264 -0.118165
915 19.330625000 19.350626000   -1.67109  0.0281669 -0.0930459
916 19.350626000 19.370629000  -2.76664  0.202234 -0.275055
917 19.370629000 19.390630000  -3.49011  0.220529 -0.417093
918 19.390630000 19.410631000 -3.81658 0.134698 -0.37837
919 19.410631000 19.430632999 -3.89376   0.0584 -0.35672
920 19.430632999 19.450633999   -3.87865 -0.0943529   -0.35151
921 19.450633999 19.470635000  -3.92657 -0.322578 -0.188361
922 19.470635000 19.490636999   -4.17946 -0.0769486  -0.431974
923 19.490636999 19.510637000   -4.34368 -0.0242241  -0.755777
924 19.510637000 19.530637999   -4.00089 -0.0921864    -1.0896
925 19.530637999 19.550638999  -3.34775 -0.121419  -1.16752
926 19.550638999 19.570639999  -2.68228 -0.128583   -1.0829
927 19.570639999 19.590641000  -2.05371 -0.137954 -0.724569
928 19.590641000 19.610643999  -1.42057 0.0127673  -0.29091
929 19.610645000 19.630646999  -0.844066 -0.0507689   0.116852
930 19.630646999 19.650649000 -0.414383 -0.108412  0.176274
931 19.650654999 19.670657999  0.198157 -0.324249  0.989002
932 19.670658999 19.690665999   1.01474 -0.211647  0.612284
933 19.690668000 19.710668999   1.76923 -0.308187  0.634061
934 19.710668999 19.730671000   2.48975 -0.203026  0.597755
935 19.730671000 19.750672000    3.19903 -0.0528465   0.517405
936 19.750673000 19.770673999    3.71858 -0.0283327   0.364809
937 19.770673999 19.790674000   3.97261 -0.103529   0.26814
938 19.790674000 19.810674999   4.02547 -0.390369  0.253168
939 19.810674999 19.830675999   4.12309 -0.311122  0.112824
940 19.830677000 19.850678000      4.08706 -0.000600087   -0.0170184
941 19.850678000 19.870679000    3.80314   0.154372 -0.0803319
942 19.870679000 19.890679999    3.25882  0.0121471 -0.0574761
943 19.890679999 19.910680999    2.59445 -0.0345607  0.0441171
944 19.910680999 19.930681999    2.04607 -0.0349334   0.155689
945 19.930681999 19.950683000    1.78663 0.00949055   0.110942
946 19.950684000 19.970684999    1.58337 0.00195951  0.0524146
947 19.970684999 19.990685999      1.21596 -0.000646599    0.0440433
948 19.990685999 20.010686999   0.860779 -0.0229013   0.113258
949 20.010688000 20.030690999   0.510125 -0.0106197   0.183682
950 20.030690999 20.050696000  -0.19497 -0.173225  0.610925
951 20.050697999 20.070699000    -1.03727 0.000477486   0.0333908
952 20.070699000 20.090700000  -1.67438  0.387716 -0.107471
953 20.090700000 20.110701000  -2.32215  0.708196 -0.200156
954 20.110701000 20.130701999  -3.28273  0.966496 -0.185378
955 20.130701999 20.150702000   -4.5973   0.79125 -0.114515
956 20.150702000 20.170703999  -5.61781  0.217716 -0.243333
957 20.170703999 20.190705000  -5.77409  0.187859 -0.528662
958 20.190705000 20.210706000  -5.13278 0.0595215 -0.677327
959 20.210706000 20.230707000     -4.127 -0.0557873   -0.78903
960 20.230707000 20.250707999  -3.42469 -0.197776 -0.994014
961 20.250707999 20.270708000  -3.18677 -0.406745 -0.947147
962 20.270708000 20.290708999  -2.96703 -0.299057 -0.771526
963 20.290708999 20.310709000  -2.47544 -0.116327 -0.594368
964 20.310709000 20.330710999  -1.60553   0.05398 -0.351611
965 20.330710999 20.350712000 -0.727624 0.0390864 -0.128729
966 20.350713000 20.370714999  0.268441 -0.120203   1.23661
967 20.370717000 20.390717999  0.964935 -0.111572  0.476668
968 20.390718999 20.410720000   1.38744 -0.188445  0.565358
969 20.410720000 20.430721000    1.76896 -0.0908496   0.628084
970 20.430721000 20.450722000  2.28818 0.136813 0.796356
971 20.450722000 20.470722999   3.01669 0.0162662  0.503118
972 20.470722999 20.490723000   3.86729 -0.436679  0.228394
973 20.490723000 20.510723999   4.47348 -0.648299  0.117101
974 20.510723999 20.530724999   4.44605 -0.357523 0.0606255
975 20.530724999 20.550725999    3.96354  0.0057623 -0.0488604
976 20.550725999 20.570727000     3.5621  0.0415307 -0.0609357
977 20.570727000 20.590728000   3.34854 0.0943622 0.0156702
978 20.590728000 20.610729000   3.17361 0.0347145  0.106449
979 20.610729000 20.630729999    3.03317 -0.0114103   0.120863
980 20.630729999 20.650730999     2.88261 0.000731309    0.198346
981 20.650730999 20.670733000    2.3484 0.0258794  0.180221
982 20.670733000 20.690734000    1.5867  0.016581 0.0878188
983 20.690734999 20.710735999    1.17291 -0.0069017   0.134019
984 20.710737000 20.730738000     1.09365 -0.00667463    0.296186
985 20.730738000 20.750741000    0.88188 -0.0285622   0.443293
986 20.750742000 20.770743999  0.421035 -0.183798  0.615382
987 20.770746000 20.790746999 -0.183283  -0.27149  0.988114
988 20.790753999 20.810754999  -0.787137 -0.0186761   0.394061
989 20.810754999 20.830755999  -1.35578 0.0829355  0.184098
990 20.830755999 20.850757000   -1.91137   0.439611 -0.0853531
991 20.850757000 20.870758000   -2.54413   0.463238 -0.0569738
992 20.870758000 20.890759000 -3.33658 0.402368 0.104671
993 20.890759000 20.910759999   -4.41618   0.644923 -0.0574913
994 20.910759999 20.930760999  -5.47974  0.793859 -0.363755
995 20.930760999 20.950761999  -6.14436  0.574749 -0.781105
996 20.950761999 20.970763000 -5.85753 0.593949 -1.09528
997 20.970763000 20.990764000 -4.57682  0.63909 -1.16899
998 20.990764000 21.010764999  -3.00765  0.142622 -0.831076
999 21.010764999 21.030765000  -2.45043 -0.243762  -0.80445
1000 21.030765000 21.050765999  -2.55346 -0.121044 -0.865886
1001 21.050765999 21.070766000    -1.90023 -0.00365787    -0.67169
1002 21.070766000 21.090766999 -0.819956  0.116354 -0.333212
1003 21.090766999 21.110769000  -0.424707  0.0199207 -0.0614577
1004 21.110777000 21.130777999 -0.751328 -0.373749  0.408512
1005 21.130778999 21.150780000   0.824007 -0.0758287  0.0483719
1006 21.150781000 21.170782000   1.52613 -0.398074  0.158307
1007 21.170782000 21.190785000    1.85737 -0.0955612   0.221691
1008 21.190785000 21.210786000     2.09155 -0.00258564    0.214091
1009 21.210786000 21.230786999    3.02708 -0.0398115   0.307008
1010 21.230786999 21.250787000   4.00906 -0.320228  0.597135
1011 21.250787000 21.270787999   4.39225 -0.311974  0.646836
1012 21.270787999 21.290788000    4.36256 -0.0427947   0.516486
1013 21.290788000 21.310788999  4.19671 0.056198 0.445132
1014 21.310788999 21.330789999   3.59294 0.0657166  0.531059
1015 21.330789999 21.350791000   2.62642 0.0403888  0.501801
1016 21.350791000 21.370792000     1.7881 0.00406601    0.46236
1017 21.370792000 21.390793000   1.30654 0.0403951  0.305317
1018 21.390793000 21.410794999   0.820833 0.00209003   0.153325
1019 21.410796000 21.430802999    0.462927   0.0680908 -0.00855891
1020 21.430808999 21.450809999   -0.56071 -0.0274123   0.108528
1021 21.450809999 21.470811000  -0.719465 -0.0172559   0.176341
1022 21.470815000 21.490816000  -0.834568    0.08062 -0.0324853
1023 21.490819000 21.510820999 -0.913355  0.213895 -0.301368
1024 21.510822000 21.530823000 -0.802306 0.0233732 -0.281074
1025 21.530823000 21.550824000 -0.518854 -0.132024 -0.370134
1026 21.550824999 21.570825999 -0.46045  0.03096 -0.17368
1027 21.570828999 21.590829999 -0.691239  0.114137  -0.27474
1028 21.590831000 21.610832000 -0.756431 0.0697178 -0.211952
1029 21.610832000 21.630833000 -0.678391 0.0178192 -0.110229
1030 21.630833000 21.650836000 -0.641512 0.0159866 -0.156517
1031 21.650837000 21.670840000 -0.565733 0.0937838 -0.269291
1032 21.670840999 21.690844999  -0.471325  0.0124272 -0.0956341
1033 21.690845999 21.710849999   -0.502897 0.000418131   0.0777194
1034 21.710849999 21.730852000 -0.170474 -0.186087 -0.811636
1035 21.730855000 21.750857999  -0.161564 -0.0949105   -1.15922
1036 21.750859000 21.770863000  -0.110386 -0.0423581   -1.46733
1037 21.770863999 21.790864000  -0.163232 -0.0544467   -1.90038
1038 21.790864999 21.810865999 -0.293657 -0.223565  -2.36994
1039 21.810865999 21.830867000 -0.373972 -0.381952  -2.89021
1040 21.830867000 21.850868000 -0.139321 -0.398702  -3.43152
1041 21.850868000 21.870869000  0.167408 -0.335063  -4.04429
1042 21.870869000 21.890869999  0.370074 -0.328841  -4.48542
1043 21.890869999 21.910873000  0.587743 -0.437178  -4.54659
1044 21.910873000 21.930873999  0.610878 -0.522136  -4.63013
1045 21.930873999 21.950875999  0.507209 -0.783027  -4.40889
1046 21.950875999 21.970877000  0.547309 -0.777032  -4.10368
1047 21.970877000 21.990878000  0.682373 -0.556811  -3.65184
1048 21.990878000 22.010879000  0.630069 -0.376787  -3.41966
1049 22.010879000 22.030882000  0.452578 -0.411498  -3.11977
1050 22.030882999 22.050883000   0.38592 -0.501067  -2.61088
1051 22.050883000 22.070883999 0.389963 -0.45409 -1.91925
1052 22.070884999 22.090886000  0.302681 -0.318271  -1.18376
1053 22.090887999 22.110894999 0.0738788 -0.549133 -0.992315
1054 22.110922999 22.130923000  0.050714 -0.847985  0.230068
1055 22.130923999 22.150924999   0.02928 -0.173433   2.23767
1056 22.150924999 22.170926000 0.0167349 -0.254724   3.92612
1057 22.170926000 22.190927000 -0.187468 -0.253668   5.51418
1058 22.190927000 22.210928000   -0.40003 -0.0582655    6.75411
1059 22.210928000 22.230928999 -0.659828  0.213098   7.47313
1060 22.230928999 22.250929999 -0.782955  0.357626    7.7105
1061 22.250929999 22.270930999 -0.79566 0.391133  7.78926
1062 22.270930999 22.290932000 -0.818412  0.552203   7.86738
