1 27.861713000 27.875632999 -1.81543 -1.81024  1.58533
2 27.875632999 27.890056000 -2.09461 -1.77543  1.66818
3 27.890056999 27.905633999 -1.79828 -2.04083  1.52242
4 27.905633999 27.924544000 -1.50698 -1.77463  1.54077
5 27.924545000 27.950710999 -0.25667 -1.71087  1.81465
6 27.950710999 27.973772000  1.28051 -1.82848  1.65986
7 27.973772000 27.993576000  1.32996 -1.97802  2.03751
8 27.993576000 28.014282999 0.89532 -1.8751 2.44759
9 28.014282999 28.037170999 0.928112 -1.51462   2.9118
10 28.037170999 28.058258999   1.63877 -0.943371   2.41345
11 28.058260000 28.074502999   2.18702 -0.565191    1.7663
12 28.074503999 28.088560000   2.40317 -0.409895   1.30651
13 28.088560000 28.101612999   2.25819 -0.289384  0.976113
14 28.101613999 28.114600999   2.10569 0.0377712  0.563496
15 28.114600999 28.127561999  1.99016  0.67313 0.127024
16 28.127563000 28.139788000   2.1567  1.22904 -0.52852
17 28.139788000 28.150693000  2.32288  1.74253 -1.17467
18 28.150694000 28.160431000 2.54691 2.10202 -1.7287
19 28.160431000 28.169566999  2.68912  2.27457 -2.07249
20 28.169567999 28.178167000  2.53359  2.58454 -2.09691
21 28.178167999 28.186368000  2.80218  2.49159 -2.76579
22 28.186368000 28.194268000  2.53165  2.76106 -2.53072
23 28.194268000 28.202131999  2.53839  2.67225 -2.60433
24 28.202131999 28.209963000  2.66325  2.36668 -2.67791
25 28.209963999 28.217908000  2.39342  2.36141 -2.78919
26 28.217908999 28.225984000 2.31602 2.40437  -3.169
27 28.225984000 28.233981999  2.33286  2.49769 -3.41526
28 28.233981999 28.241866000  2.23813  2.64482 -3.75504
29 28.241866000 28.249535000 2.42024 2.39986 -3.8778
30 28.249535000 28.257235999  2.02216  2.66669 -4.32996
31 28.257235999 28.264941999  1.31827  3.21041 -4.19862
32 28.264941999 28.272758000  1.20786  3.15512 -4.22749
33 28.272758999 28.280796000  1.64091  2.50133 -3.94791
34 28.280796999 28.289009999  1.40733  2.46384 -3.62369
35 28.289009999 28.297262000  1.40277  2.33418 -3.09705
36 28.297262000 28.305377999  1.36745  2.35955 -3.16279
37 28.305377999 28.313374000  1.51454  2.33136 -2.72564
38 28.313374999 28.321260000  1.73843  2.05362 -2.81621
39 28.321260000 28.329424999  1.25976  2.37452 -2.68733
40 28.329424999 28.337858000  0.80663  2.42178 -2.73032
41 28.337859000 28.346856000 0.951846  1.87965 -2.70139
42 28.346856999 28.356368999 0.410947  2.00527 -2.73965
43 28.356368999 28.365867000 0.442683  1.77998 -2.75899
44 28.365867000 28.374957000 0.510526  1.75667 -2.37353
