1 0.000000000 0.410072000 -0.0129571 -0.0229256  0.0201301
2 0.410079999 0.498503999 -0.00841385    -0.16392  -0.0418796
3 0.498508999 0.547016000 -0.000547266     -0.25171    -0.100608
4 0.547016999 0.580945000 0.0161793  -0.37366 -0.126718
5 0.580945000 0.605931000  0.127235 -0.492565 -0.195511
6 0.605932000 0.632055000 0.0566272  -0.50532 -0.135039
7 0.632055000 0.656690000  0.0127845  -0.596102 -0.0686889
8 0.656690000 0.678896000  0.0305435  -0.686224 -0.0582203
9 0.678896000 0.701260000  0.0376136  -0.676984 -0.0562056
10 0.701260000 0.727682999 -0.0172632  -0.584228  -0.047177
11 0.727684000 0.751202999 -0.0478985  -0.685506 -0.0539248
12 0.751202999 0.773556999  0.0130916  -0.729179 -0.0262311
13 0.773556999 0.796667000 -0.00818718   -0.704779   0.0597005
14 0.796669000 0.822268000 -0.151223 -0.625354  0.023276
15 0.822268999 0.847422999  -0.136677  -0.639676 -0.0846968
16 0.847423999 0.868257000 0.0291058 -0.841022 0.0152426
17 0.868257999 0.890006999 0.0467473 -0.818439  0.156326
18 0.890006999 0.917399000 -0.111534 -0.633198  0.139767
19 0.917399999 0.949805999  -0.180768  -0.501878 -0.0645096
20 0.949807000 0.980993000 -0.0332923  -0.579146 -0.0536395
21 0.980993000 1.011517999 -0.0296605  -0.615713  0.0283353
22 1.011519999 1.062232999 -0.159814 -0.298783 0.0238957
23 1.062240999 1.142356000 0.00110312  -0.212816 -0.0954107
24 1.142361999 1.544447999    0.014129 0.000216115   0.0164353
25 1.544448999 1.619746999  0.00781349    0.238373 -0.00858206
26 1.619750000 1.680945999 0.000740722    0.257734   0.0110181
27 1.680945999 1.717310999 -0.0445723   0.464214 -0.0289717
28 1.717312000 1.754475000 -0.0147005   0.448708 -0.0328508
29 1.754475999 1.782338999 -0.0555661    0.60525 -0.0395335
30 1.782340000 1.805994000 -0.0664726   0.730414  -0.103862
31 1.805994000 1.830727000 0.0116956  0.676764 0.0263804
32 1.830727999 1.854277999 0.0311035  0.695888 0.0351135
33 1.854279000 1.874951999 0.00236058   0.804883  0.0526261
34 1.874953000 1.893794999 -2.19688e-05     0.896827    0.0902454
35 1.893794999 1.912426999 -0.0189993    0.88353   0.080673
36 1.912427999 1.931182000 0.00881455   0.855322  0.0909579
37 1.931182999 1.950631000 -0.0180232   0.822886 0.00940353
38 1.950631000 1.969859999 -0.0253414   0.838439  0.0380866
39 1.969861000 1.987706000 -0.0444217   0.925282 -0.0296216
40 1.987706000 2.005160000 -0.00735246    0.960297  -0.0162894
41 2.005161000 2.025440000  0.0465732   0.768755 -0.0258375
42 2.025440999 2.048962999   0.044553   0.639372 -0.0524318
43 2.048962999 2.071477999 0.0108259  0.666844 0.0258017
44 2.071480000 2.092447000 -0.0254544   0.697932   0.105826
45 2.092447000 2.113073000 -0.0211586   0.706796   0.121032
46 2.113074000 2.133104000 -0.0582813   0.707896   0.133105
47 2.133104000 2.153215000 -0.0443664   0.701224   0.126101
48 2.153215999 2.172289999 -0.0261569   0.779078  0.0299445
49 2.172289999 2.192437000 0.00239723   0.704352 -0.0696808
50 2.192438999 2.213280000 0.000136972    0.675698   -0.148954
51 2.213280000 2.232043999 -0.0128207   0.723922 -0.0697865
52 2.232043999 2.250743000 -0.0285664   0.748231  -0.092073
53 2.250743000 2.271497000 0.000553331    0.660815  -0.0943064
54 2.271497000 2.291528999 -0.0225271   0.648939  0.0338124
55 2.291528999 2.308717999 -0.0754716   0.775212   0.189715
56 2.308717999 2.324233999 -0.108824  0.844108  0.279301
57 2.324235000 2.339943999 -0.148703  0.800756  0.267704
58 2.339943999 2.354650000 -0.162887  0.838295  0.314649
59 2.354650000 2.368872000 -0.167394  0.886019   0.40425
60 2.368872000 2.384573999 -0.0898992   0.791402   0.382189
61 2.384573999 2.402254000  0.01537 0.711072 0.215894
62 2.402254000 2.420620999 0.0583665  0.682761  0.143912
63 2.420622000 2.438146999 0.0192026  0.735761 0.0342821
64 2.438148000 2.454512999 0.0114929  0.802574 0.0464671
65 2.454514000 2.470911000 0.0603342  0.818602 0.0279474
66 2.470913000 2.489377999   0.195881    0.68728 -0.0218858
67 2.489381999 2.510311999  0.170941   0.61253 -0.330992
68 2.510313000 2.533598999 0.0995007  0.557337 -0.370424
69 2.533600000 2.557825999 0.0387058  0.507636 -0.127704
70 2.557827000 2.584149000  -0.012737    0.45996 0.00197273
71 2.584150000 2.612388999 -0.0615073   0.413376  0.0872884
72 2.612388999 2.640203999 -0.0780312   0.409243   0.124097
73 2.640203999 2.680492999  -0.05099  0.260461 0.0207919
74 2.680492999 2.787460000 -0.0018114  0.0164378 -0.0086282
75 2.787460000 2.844576000 -0.017443 -0.227333 0.0311072
76 2.844576000 2.890975999 -0.0240887  -0.232386  -0.147326
77 2.890977999 2.924460000  0.0152807  -0.352982 -0.0521554
78 2.924463999 2.959570999 -0.0620913  -0.340115   0.087484
79 2.959572999 2.999559999 -0.118989 -0.275608  0.111083
80 2.999559999 3.030621000 -0.023525 -0.384532 0.0104293
81 3.030621000 3.065966000 -0.00688424    -0.32874   0.0555418
82 3.065971000 3.104246000  -0.0667555   -0.302308 -0.00694842
83 3.104246999 3.142194000 -0.00780162   -0.297628  -0.0512403
84 3.142194000 3.181201000 -0.0265173  -0.284577 -0.0370029
85 3.181201999 3.214125000 -0.104238 -0.348382 0.0771822
86 3.214125000 3.247511000 -0.0670661   -0.34411  0.0933497
87 3.247513999 3.281227000 -0.0326177  -0.344293  -0.075795
88 3.281229000 3.308444000 0.0286456 -0.446382 -0.021815
89 3.308444999 3.332811000 0.00317577  -0.515396  0.0123042
90 3.332811999 3.358970000 -0.0650906  -0.469223  0.0870478
91 3.358974000 3.380381999 0.0124253 -0.609142  0.101235
92 3.380384999 3.397537000  0.102769 -0.776849  0.139757
93 3.397537999 3.415172000 0.0642551 -0.738304  0.168399
94 3.415172000 3.435542999  0.001982 -0.637354 0.0666663
95 3.435542999 3.456638000  0.00644334   -0.621144 -0.00456276
96 3.456638000 3.476922000   0.0274324   -0.649983 -0.00641226
97 3.476923000 3.495057999 0.0454724 -0.744991 0.0185317
98 3.495057999 3.512504000 0.0611224 -0.791567 0.0845809
99 3.512504000 3.531709999 -0.0132191  -0.726565  0.0314614
100 3.531709999 3.553545000 -0.0970181  -0.630387 -0.0144625
101 3.553545000 3.574342999 -0.0182572   -0.67901  -0.045081
102 3.574342999 3.592647999  0.0460833  -0.796361 -0.0569981
103 3.592649000 3.612088000 0.00212884  -0.769831 -0.0161595
104 3.612089000 3.635900999  -0.087439  -0.615248 -0.0408652
105 3.635902000 3.660694999 -0.0605443   -0.58936    -0.0232
106 3.660694999 3.684246000 -0.0389937  -0.630925 0.00409791
107 3.684246999 3.708893999 -0.0514187  -0.594435 -0.0312506
108 3.708893999 3.732334000  0.0360815  -0.623028 -0.0754642
109 3.732334999 3.762265000  0.0233924  -0.458331 -0.0521259
110 3.762265000 3.796800999 -0.0350059  -0.422337 -0.0460063
111 3.796800999 3.822942000 0.0774326 -0.582777 0.0645689
112 3.822942000 3.854353999 0.0517426 -0.459836  0.152958
113 3.854353999 3.887203000 -0.0280472  -0.461903  0.0971334
114 3.887203999 3.911548000 -0.0191693  -0.641712  0.0286093
115 3.911548999 3.935042000 -0.0840142  -0.690915  -0.093305
116 3.935042999 3.963116000  -0.10188 -0.541519 -0.161936
117 3.963116999 3.993295000 -0.130377 -0.489177 -0.235541
118 3.993297000 4.020337000 -0.0627716  -0.589566  -0.197234
119 4.020339000 4.047485000  0.0556918  -0.603654 -0.0749955
120 4.047485000 4.078208000  0.0988983  -0.503363 -0.0894778
121 4.078209000 4.113266000  0.0420554  -0.453024 -0.0742749
122 4.113266999 4.167713999 -0.0011273  -0.298263  0.0178052
123 4.167713999 4.219887999 0.0576841 -0.325681 0.0701312
124 4.219888999 4.263732999  0.0448292  -0.396422 -0.0144263
125 4.263736000 4.335633000 -0.0801355  -0.211113 0.00788788
126 4.335636999 4.495144000  0.0106525 0.00153459 -0.0416901
127 4.495149999 4.578562999 -0.0174495   0.203099 -0.0467488
128 4.578562999 4.649080999 0.0335519  0.235552 -0.117909
129 4.649080999 4.689661999  0.0237106   0.426657 -0.0106252
130 4.689663000 4.725933999 0.0380142  0.458891 0.0114883
131 4.725933999 4.760439000 0.00970461   0.488566 -0.0244784
132 4.760440999 4.793194000 -0.00625849    0.502977   -0.140686
133 4.793194999 4.819711999 -0.0767692   0.619231  -0.255677
134 4.819711999 4.843497999 -0.103098  0.707056 -0.355916
135 4.843499000 4.866553999 -0.0117589    0.72293  -0.236364
136 4.866553999 4.891960999 0.00888725   0.633417 -0.0830377
137 4.891960999 4.915866999 -0.00656838    0.641884    0.116886
138 4.915868000 4.938443000 -0.051608  0.592491  0.368272
139 4.938443999 4.959755000 -0.0568575    0.66457   0.434181
140 4.959755000 4.979470999 -0.0648873   0.743167   0.364802
141 4.979470999 4.998533000 -0.0520671   0.771041   0.376222
142 4.998533000 5.017674000 -0.0396855   0.809295   0.290653
143 5.017674999 5.038801000 0.0278763  0.707493  0.257131
144 5.038801999 5.060020999 -0.00401694    0.671487     0.20439
145 5.060020999 5.080428999 -0.0403049   0.692903   0.144036
146 5.080428999 5.100869000 -0.0729765   0.722849 -0.0377318
147 5.100869000 5.121423000 -0.0100735   0.748202  -0.182744
148 5.121424000 5.143573000 0.0270429    0.6836 -0.149049
149 5.143573000 5.164449000 0.00443639   0.693948 -0.0600459
150 5.164449000 5.183563000 -0.0601971   0.745565 0.00171383
151 5.183563999 5.203733999 -0.0392485    0.67699 -0.0727433
152 5.203735000 5.225624000  0.0439575   0.622701 -0.0459532
153 5.225624000 5.246473999  0.0250813   0.645969 -0.0114691
154 5.246474999 5.266333999  0.0128074   0.685531 -0.0685102
155 5.266333999 5.286548999  0.0381597   0.668958 -0.0694472
156 5.286548999 5.309082000 0.0319336  0.580569 -0.022036
157 5.309083000 5.332391999 -0.0262066   0.556642 -0.0393261
158 5.332393000 5.353019000 -0.0663145   0.606777  0.0133409
159 5.353019999 5.372150999 -0.0351144   0.681216  -0.108627
160 5.372152999 5.391466999 0.0729785   0.69529 -0.249242
161 5.391468000 5.410858000  0.115414  0.682215 -0.131621
162 5.410858000 5.431553000 0.0318792  0.622285 -0.101795
163 5.431553999 5.451986999 -0.00137658    0.620223  -0.0452776
164 5.451986999 5.471993999 -0.00495279    0.616315 -0.00301315
165 5.471993999 5.493478000 0.00157579   0.559294  0.0840447
166 5.493478000 5.515906999 0.00759299   0.529815   0.138618
167 5.515906999 5.536081999 -0.0170431    0.62201  0.0373004
168 5.536083999 5.557013000 -0.0587819   0.581703 -0.0519049
169 5.557013000 5.578329000 -0.0784713   0.571993  -0.060248
170 5.578329000 5.600313999  -0.100563   0.539832 -0.0902616
171 5.600313999 5.621932000 -0.0720706   0.565793  -0.108343
172 5.621932000 5.645285000   0.030649   0.533743 -0.0593301
173 5.645285999 5.668102000  0.245378  0.509781 0.0799656
174 5.668102000 5.691732000  0.177245  0.524108 -0.112785
175 5.691732000 5.715860999   0.11809  0.547414 -0.186405
176 5.715860999 5.738579000   0.26367  0.563049 -0.203302
177 5.738579000 5.761562999  0.234748  0.559146 -0.218432
178 5.761564999 5.787478000  0.193039  0.482048 -0.209522
179 5.787478000 5.816393000  0.159694  0.427543 0.0570976
180 5.816393999 5.844664999 0.103841 0.434678 0.191374
181 5.844665999 5.871962999   0.120534    0.50074 -0.0843839
182 5.871965000 5.899192000  0.165275  0.506049 -0.296122
183 5.899192000 5.939105999 0.0859842  0.319488  -0.13918
184 5.939107000 5.989284999  -0.0163093    0.251918 -0.00578797
185 5.989284999 6.054957999 0.0160176 -0.126287  0.265621
186 6.054960000 6.084511999 -0.121824 -0.510291  0.450806
187 6.084513000 6.107087999 -0.0663048  -0.669578   0.235005
188 6.107087999 6.129598000   -0.210552   -0.582653 8.37402e-05
189 6.129598999 6.147685999  -0.350179  -0.734129 -0.0827428
190 6.147685999 6.163208999  -0.341129  -0.941021 0.00969734
191 6.163210000 6.177097999 -0.276701  -1.14885  0.181208
192 6.177099000 6.190415000 -0.370844  -1.14327  0.264113
193 6.190415999 6.204305999 -0.443403  -1.03271  0.103486
194 6.204305999 6.218895999 -0.425295 -0.912667  0.107709
195 6.218895999 6.233319000 -0.195803  -1.04159   0.26296
196 6.233319999 6.247758999 -0.0989636   -1.03966   0.133791
197 6.247760000 6.262877000 -0.0373119  -0.927859  -0.105794
198 6.262877999 6.277842000 -0.0385016  -0.920954  -0.143749
199 6.277842000 6.292197000 0.00546774  -0.933385  -0.200641
200 6.292197999 6.307428999 -0.0129738   -0.86229  -0.126778
201 6.307430000 6.323592000 -0.0387001  -0.806827 -0.0126602
202 6.323592999 6.339032000 -0.166615 -0.914235   0.10643
203 6.339032999 6.354674000 -0.309039 -0.876512  0.145147
204 6.354674000 6.371117000 -0.265248 -0.806376   0.11191
205 6.371117999 6.388221000 -0.0471738  -0.840515   0.115626
206 6.388221999 6.404525000 0.0307884 -0.885984  0.113904
207 6.404525000 6.421199000 -0.00843041   -0.809505    0.076941
208 6.421199999 6.442321999 -0.0955695  -0.621437 -0.0789548
209 6.442321999 6.465065999  -0.057979  -0.564292 -0.0979571
210 6.465067000 6.484494999   0.03194 -0.695737 -0.045081
211 6.484494999 6.505488999  0.0115489  -0.631038 -0.0379564
212 6.505488999 6.532836000 -0.0677494  -0.455221 -0.0783232
213 6.532836999 6.567022000  0.0142024  -0.348552 -0.0516433
214 6.567022000 6.591781999   0.167292  -0.467481 -0.0134507
215 6.591781999 6.620845999 0.0260006 -0.424827 0.0509022
216 6.620847000 6.664978000 0.0550581 -0.273988 0.0780027
217 6.664978999 6.710550999   0.111028  -0.220959 -0.0209753
218 6.710550999 6.783140999   0.077081  -0.125375 -0.0168096
219 6.783143000 6.897820999 0.0295712 -0.107479 0.0338123
220 6.897820999 6.943588999   0.240515  -0.038584 -0.0186487
221 6.943589999 6.971520000   0.408927 -0.0168912 -0.0143662
222 6.971521000 6.993750000    0.5488 0.0167958 0.0771584
223 6.993750000 7.014981000   0.588439 0.00366018  0.0662927
224 7.014981999 7.034609999   0.644971 0.00252007  0.0443852
225 7.034611000 7.052669000    0.727679 -0.00144999   0.0698096
226 7.052669000 7.069550999   0.793046 -0.0069356   0.138885
227 7.069550999 7.085640000   0.84393 0.0130692 0.0474083
228 7.085640000 7.101024000   0.896489  0.0651753 0.00872059
229 7.101024000 7.115526999  0.991679 0.0516597 0.0217817
230 7.115526999 7.129253000   1.03699 0.0547933 0.0620055
231 7.129253999 7.142805999     1.0772  0.0529277 -0.0142292
232 7.142805999 7.157062999     1.00783 -0.00573095   0.0519342
233 7.157064000 7.172237999   0.930442 0.00857137  0.0106916
234 7.172237999 7.187620999  0.946252 0.0206775 0.0653214
235 7.187620999 7.202663000    0.98889 -0.0168735  0.0513332
236 7.202663000 7.217318999   1.05409 0.0496014  0.112513
237 7.217318999 7.232428000   1.06625 0.0745149 0.0285367
238 7.232428000 7.248862999  0.990767 0.0172491 0.0125216
239 7.248862999 7.266744000   0.891662 -0.0532571  0.0735812
240 7.266744000 7.286208000   0.822599 -0.0519007   0.128676
241 7.286208999 7.306733000 0.802157 0.083394 0.158846
242 7.306737000 7.327989000   0.77696 0.0783781  0.120472
243 7.327990999 7.352167000  0.671661 0.0286387  0.150854
244 7.352167000 7.384006999   0.49447 0.0333421  0.221873
245 7.384006999 7.421801999 0.418626 0.134461 0.106342
246 7.421801999 7.504613000  0.0204403  0.0339328 -0.0513789
247 7.504613999 7.540017999  -0.474694  -0.034543 -0.0644926
248 7.540020000 7.585907000 -0.298251 -0.115368 0.0945814
249 7.585907000 7.609394999  -0.683262 0.00206912 -0.0709485
250 7.609395999 7.632613000  -0.668024 0.00660365 -0.0687554
251 7.632613999 7.662113000    -0.4767 -0.0703335 -0.0277725
252 7.662117000 7.690081999   -0.507561  -0.0763992 -0.00745632
253 7.690083000 7.717782999  -0.502818 -0.0564212 -0.0028259
254 7.717782999 7.746573000  -0.463392  -0.055974 -0.0523908
255 7.746573000 7.768129000  -0.662346 -0.0529443 -0.0518338
256 7.768129000 7.787290999  -0.754675 -0.0695292  0.0124216
257 7.787293000 7.809184000  -0.602863 -0.0320771 -0.0156207
258 7.809184000 7.830114000   -0.611594  -0.0343452 -0.00356416
259 7.830114000 7.846168000  -0.867476 -0.0200803 -0.0204009
260 7.846168999 7.860258000 -0.971298 0.0276502 -0.076709
261 7.860258000 7.874978000 -0.941681  0.003181 0.0409073
262 7.874978000 7.891498999  -0.788786 -0.0360521    0.10244
263 7.891499999 7.908477000 -0.769382 -0.033391 0.0474188
264 7.908477000 7.923278999   -0.948455  -0.0776005 -0.00317721
265 7.923280999 7.936562999   -1.06398 -0.0369131  0.0288958
266 7.936562999 7.950030000    -1.0716 -0.0262074 0.00787416
267 7.950030000 7.965133000   -0.91034 -0.0334702  -0.046296
268 7.965134000 7.982759000 -0.737589 -0.060153 -0.148101
269 7.982760000 7.999739000 -0.776818 -0.158156 -0.276764
270 7.999739000 8.015005000 -0.902448 -0.140972 -0.217447
271 8.015005000 8.029586999   -0.969602 -0.00583505   -0.167523
272 8.029586999 8.045480000  -0.842548 -0.0215443  -0.126094
273 8.045480000 8.062959999  -0.748919   -0.05358 -0.0249248
274 8.062959999 8.079281000  -0.825096 -0.0976718  0.0363524
275 8.079282000 8.093931000  -0.986406 -0.0963657   0.172814
276 8.093931000 8.108085000   -1.04144 -0.0859069    0.27016
277 8.108085000 8.123063999  -0.955308 0.00295798    0.32898
278 8.123063999 8.139369000 -0.817688 0.0841943  0.300025
279 8.139369000 8.155572999  -0.84234 0.0234629  0.298959
280 8.155574000 8.170315000  -0.979578 -0.0359663   0.244873
281 8.170315999 8.183805999   -1.09262 -0.0572034   0.242653
282 8.183807000 8.196879999   -1.15574 -0.0820176   0.200285
283 8.196879999 8.210035000   -1.16422 -0.0570561   0.128141
284 8.210036000 8.222903000  -1.21479 -0.102864  0.130075
285 8.222903000 8.235763999   -1.19597 -0.0910718  0.0792704
286 8.235763999 8.249052000   -1.13767 -0.0668229  0.0675403
287 8.249052999 8.262907999   -1.06701  -0.135772 -0.0104536
288 8.262907999 8.277401000   -1.03006 -0.0737745  -0.107314
289 8.277401000 8.292589999  -0.983024  -0.102502 -0.0682374
290 8.292589999 8.308020000  -0.986536 -0.0962012   -0.12267
291 8.308020999 8.324447999  -0.911094  -0.103902 -0.0838959
292 8.324449000 8.341966999  -0.859294 -0.0434999  0.0204749
293 8.341966999 8.360283999  -0.825388 -0.0279352  0.0118916
294 8.360285000 8.379112000  -0.840617 0.00877012 -0.0176178
295 8.379112000 8.400899000 -0.674683 0.0276033 0.0469016
296 8.400899000 8.436330000 -0.357801  0.040603  0.015199
297 8.436330000 8.463488000  -0.519996  0.0520247 0.00927587
298 8.463489000 8.485262000  -0.723845  0.0166342 -0.0292189
299 8.485262000 8.508639000  -0.653907  0.0104344 -0.0357598
300 8.508639999 8.544513999  -0.399208  0.0243249 -0.0807489
301 8.544520000 8.574837999   -0.513804 -0.00231784  -0.0843216
302 8.574837999 8.600177999  -0.652212 -0.0197186 -0.0201371
303 8.600177999 8.639764999  -0.391596 -0.0149342 0.00504716
304 8.639774999 8.754450999   0.047462  -0.047309 -0.0208176
305 8.754451999 8.781287000    0.624873 -0.00154622   0.0161199
306 8.781287999 8.805777999    0.674617   0.0104672 -0.00762217
307 8.805779000 8.826239000   0.829535 0.00421905 -0.0808296
308 8.826240999 8.843245999    1.0315 0.0212739  -0.10798
309 8.843247000 8.858298000    1.22008 0.00766445 -0.0688256
310 8.858298000 8.872544000   1.26104 0.0251665 -0.200584
311 8.872544000 8.886518999   1.29168 0.0124723 -0.202837
312 8.886518999 8.900263999   1.26567 0.0169368 -0.236168
313 8.900263999 8.913604999    1.30514  -0.037986 -0.0779693
314 8.913604999 8.926172000    1.38969 -0.0481366 -0.0992626
315 8.926172000 8.938213000     1.43736  -0.0321367 -0.00725613
316 8.938213000 8.949793999    1.45111 -0.0604573 0.00764841
317 8.949793999 8.961224000    1.42889 -0.0872557  0.0578692
318 8.961224000 8.972796999    1.41199 -0.0352165  0.0682559
319 8.972796999 8.984636999   1.37422 0.0186988 -0.018815
320 8.984636999 8.996896999   1.31317 0.0463455 0.0554941
321 8.996898000 9.009662000   1.25601 0.0707476  0.061314
322 9.009662000 9.022643999   1.23871 0.0858195  0.126731
323 9.022643999 9.035610999   1.22972  0.111644 0.0365408
324 9.035610999 9.048423999  1.22681 0.103231 0.108078
325 9.048423999 9.060974000   1.27359 0.0624113  0.149206
326 9.060974000 9.073233999    1.31235 -0.0010496   0.128334
327 9.073233999 9.085073000     1.37489 -0.00750554   0.0999522
328 9.085073000 9.096887999   1.41407 0.0135667  0.159912
329 9.096887999 9.108786000   1.35717 0.0401962   0.10759
330 9.108786000 9.121156999   1.23474 0.0453254  0.078144
331 9.121156999 9.133968999     1.17039 -0.00238672    0.104964
332 9.133970000 9.146961000   1.18402 0.0159074  0.122426
333 9.146961000 9.159787000    1.15413 -0.0254163  0.0463901
334 9.159787000 9.172838999   1.14173  0.009178 0.0894957
335 9.172839999 9.185785000   1.16978 0.0463192 0.0332401
336 9.185785999 9.198157999   1.28022 0.0848474 0.0356901
337 9.198158999 9.210216999    1.32099  0.0389267 -0.0638817
338 9.210216999 9.222087000    1.34584 -0.0490477  -0.010138
339 9.222087999 9.234166000     1.31474  -0.0639504 -0.00011435
340 9.234166999 9.247171000     1.17578  -0.0519778 -0.00278982
341 9.247171000 9.261998000   0.990241 0.00762273 -0.0132331
342 9.261998000 9.277225000   0.977116  0.0951803 -0.0196178
343 9.277225000 9.292768999  0.967149  0.111851 0.0461663
344 9.292769999 9.308109000  0.997714 0.0783118  0.120502
345 9.308109000 9.323756999   1.00084 0.0350289 0.0399185
346 9.323758000 9.340022000    0.997254 -0.00255613    0.147354
347 9.340023999 9.356827999   0.971505  0.0711667 -0.0103427
348 9.356831999 9.373809000   0.986637   0.058055 -0.0468003
349 9.373810999 9.390658999    1.04067  0.0260494 -0.0293505
350 9.390659999 9.407873999    1.02001  0.0078143 -0.0419856
351 9.407874999 9.426326999    0.95026  0.0141888 -0.0522984
352 9.426326999 9.446070999   0.917914  0.0540432 -0.0746581
353 9.446070999 9.467664999   0.847893   0.021269 -0.0156173
354 9.467666000 9.491314999   0.798026    0.01915 -0.0353337
355 9.491314999 9.516224000   0.771602  0.0280845 -0.0574655
356 9.516224000 9.542488000   0.756372  0.0200522 -0.0925405
357 9.542488000 9.581255000  0.468867 0.0485414 0.0105927
358 9.581256999 9.629253999   0.373995 -0.0105589  0.0474915
359 9.629256000 9.699364999  0.0970237 0.00728179  -0.116551
360 9.699367000 9.726688999 -0.818867 0.0118228 -0.101116
361 9.726688999 9.750396000  -0.847125  0.0350337 -0.0203177
362 9.750396000 9.775134000  -0.761224  0.0312954 0.00926698
363 9.775134000 9.791545999    -1.30561   0.0629277 -0.00778456
364 9.791547000 9.803665999   -1.92547   0.134875 -0.0664368
365 9.803665999 9.814176999  -2.22445  0.129135 -0.181375
366 9.814176999 9.824540999  -2.12224  0.138833 -0.193206
367 9.824540999 9.835323999  -1.93288 0.0818328 -0.183097
368 9.835323999 9.846888999  -1.66362 0.0892778 -0.232715
369 9.846890000 9.859415999   -1.3916  0.105946 -0.162228
370 9.859415999 9.872842000  -1.22334 0.0972199 -0.124166
371 9.872842999 9.886224000  -1.19358 0.0505129 -0.248654
372 9.886224000 9.899357000    -1.1679 0.00631531  -0.312785
373 9.899357000 9.911610999    -1.25988 -0.00586491   -0.242438
374 9.911610999 9.922596000    -1.47907 0.000279517   -0.105771
375 9.922596000 9.932563999  -1.65961 0.0184433 -0.163748
376 9.932563999 9.941880000  -1.82308 0.0103103  -0.14468
377 9.941880000 9.951120999  -1.84827 0.0453747 -0.117514
378 9.951120999 9.960287000      -1.874 -0.00101895  0.00502565
379 9.960287000 9.969724999   -1.78445 -0.0404145 -0.0710179
380 9.969724999 9.979459999   -1.68994 -0.0576896  0.0174155
381 9.979460999 9.989182999   -1.61442 -0.0967903  0.0499934
382 9.989184000 9.998858000   -1.65802 -0.0859932 -0.0974799
383 9.998858999 10.007975000   -1.79644 -0.0999535 -0.0255828
384 10.007975000 10.016847999  -1.92553 -0.129286 -0.141195
385 10.016847999 10.025757999  -1.96308 -0.113351 -0.115668
386 10.025757999 10.034698000   -1.93578  -0.154926 -0.0577406
387 10.034698000 10.044094000  -1.82436  -0.15579 0.0702624
388 10.044095000 10.053901999   -1.70618  -0.093014 -0.0162019
389 10.053901999 10.064154000  -1.56439 -0.105978 0.0486827
390 10.064154000 10.074784000   -1.48455 -0.0570198   0.116424
391 10.074784000 10.085316999  -1.50454 -0.117667  0.224321
392 10.085316999 10.095812999  -1.55599 -0.169169  0.221117
393 10.095813999 10.106530999 -1.54418 -0.19125 0.147435
394 10.106530999 10.117557000  -1.45061 -0.185167  0.100612
395 10.117557000 10.129132999  -1.34533 -0.328182  0.198949
396 10.129136999 10.141674000  -1.18286 -0.288501  0.154393
397 10.141674999 10.155706999 -0.989529 -0.141473  0.258707
398 10.155707999 10.170506999  -0.928361 -0.0658838    0.15487
399 10.170506999 10.186020999  -0.908433 -0.0801129   0.180515
400 10.186022000 10.200925000    -1.0065 -0.0710554   0.057883
401 10.200925000 10.215679000   -1.05939 -0.0995407  0.0305364
402 10.215680000 10.231036999   -1.01159  -0.135865 -0.0428037
403 10.231036999 10.247772000    -0.9317 -0.0885792  -0.122545
404 10.247772000 10.264912999  -0.909799 -0.0414818  -0.043753
405 10.264915000 10.280689999   -1.05749  -0.080634 -0.0654153
406 10.280690999 10.296221999   -1.10438 -0.0712987  -0.127017
407 10.296223000 10.314165999  -0.911446 -0.0150278  -0.121181
408 10.314165999 10.339837999   -0.566833 -0.00775279  -0.0788212
409 10.339839000 10.363093999    -0.6877 -0.0223188 -0.0786995
410 10.363095000 10.382826000  -0.878009 -0.0403762  -0.113376
411 10.382826000 10.417070000   -0.429926 -0.00960802   0.0187182
412 10.417070000 10.509357000 -0.0629032  0.0121009  0.0680273
413 10.509358000 10.552493999   0.377341 -0.0126678  0.0952961
414 10.552493999 10.580664999  0.557117 0.0134161  0.128135
415 10.580667000 10.597761999     1.0406 -0.0715941  0.0761914
416 10.597761999 10.611989000   1.32164 -0.120745 0.0638844
417 10.611989000 10.625019000    1.45206 -0.0444259   0.109755
418 10.625019999 10.637409000  1.52993 0.020576 0.127105
419 10.637409000 10.649275999      1.57656 -0.000320522     0.112749
420 10.649275999 10.660613000     1.6525  -0.029663 -0.0284857
421 10.660613000 10.671514999     1.71529  -0.0813727 -0.00119652
422 10.671514999 10.682069999    1.71282 -0.0853599  -0.170693
423 10.682070999 10.692542999    1.69207 -0.0728779  -0.181382
424 10.692542999 10.702854999   1.69471 0.0432489 -0.277239
425 10.702854999 10.713175999   1.66246  0.112686 -0.346692
426 10.713175999 10.723702999   1.65434  0.181517 -0.224384
427 10.723707000 10.734504000   1.58124  0.144135 -0.246999
428 10.734504000 10.745759999   1.51694   0.17353 -0.180881
429 10.745761000 10.757723000   1.32868  0.111939 -0.107621
430 10.757723999 10.770497000   1.22322 0.0759378 0.0865334
431 10.770497000 10.783582000    1.18248 -0.0239319   0.221718
432 10.783582000 10.796193999    1.23945 -0.0761956   0.149035
433 10.796193999 10.808677999    1.30456 -0.0225535    0.22165
434 10.808677999 10.821720000   1.21426  0.068008 0.0988995
435 10.821720000 10.836304000   1.03649  0.157105 0.0822702
436 10.836304999 10.853079000   0.810936   0.143077 -0.0603087
437 10.853080000 10.870900000   0.754546  0.0170859 -0.0572618
438 10.870900000 10.889652000   0.693417 -0.0411376  0.0232501
439 10.889653000 10.913286999   0.522978   0.105961 0.00278444
440 10.913286999 10.944625000  0.342717  0.165851 -0.119355
441 10.944625000 11.112889999  0.0322054 0.00262403 -0.0241549
442 11.112903999 11.197483000 -0.000814927    0.0436021    -0.391222
443 11.197483999 11.237681999 0.000539911   -0.111124   -0.685629
444 11.237682999 11.267103999 0.0304442 -0.140445  -0.96156
445 11.267103999 11.295034000 -0.010485  0.015748  -1.15852
446 11.295034000 11.322943999 -0.165409 0.0807887  -1.22696
447 11.322944999 11.352789000 -0.154027 0.0548464  -1.11143
448 11.352790000 11.382031000 -0.120053 0.0797557  -1.13332
449 11.382031000 11.408989999 -0.0258273   0.150502   -1.27391
450 11.408992000 11.434136000 0.0785539 0.0438072  -1.32089
451 11.434136999 11.459878999 0.0900674 -0.046685  -1.28263
452 11.459878999 11.487239000 0.036625  -0.1389 -1.16421
453 11.487239999 11.514420000 -0.00571158   -0.180075    -1.16911
454 11.514420000 11.539530999 -0.0560866  -0.267451    -1.2442
455 11.539530999 11.564624000 -0.0494974  -0.230685   -1.25737
456 11.564624000 11.590167000 -0.00217811   -0.110575    -1.36386
457 11.590168000 11.614671000  0.113792 -0.245251  -1.31122
458 11.614672999 11.639339999 0.0970775 -0.423789  -1.06792
459 11.639339999 11.665359999 -0.0763246  -0.408725   -1.01121
460 11.665360999 11.692480999 -0.150316 -0.287026  -1.21778
461 11.692482000 11.717681000  0.139636 -0.231955  -1.35583
462 11.717681999 11.740870000  0.285276 -0.270893  -1.39796
463 11.740871000 11.765936999  0.209596 -0.268948  -1.38425
464 11.765936999 11.795212999  0.170324 -0.186476  -1.17684
465 11.795216999 11.824713999  0.269433 -0.272794 -0.982997
466 11.824713999 11.854805999  0.299178 -0.289908 -0.904639
467 11.854806999 11.895764999  0.162784 -0.102004 -0.847003
468 11.895773000 11.991431000   0.103005 -0.0470876  -0.234386
469 11.991432999 12.067835000  0.016278 0.0273864  0.610744
470 12.067835000 12.105831000 -0.0502215   0.114348    1.03997
471 12.105831000 12.136784999 -0.0551051  0.0276991    1.33842
472 12.136784999 12.162242000 -0.150764 0.0475223   1.59302
473 12.162242000 12.185799999 -0.321029  0.149062   1.53205
474 12.185801000 12.209287999 -0.278719  0.114616   1.54069
475 12.209289000 12.232352000 -0.169512 0.0659836   1.66515
476 12.232352999 12.254091999 -0.227187  0.136094   1.63501
477 12.254093000 12.274782999 -0.31507 0.198978  1.61744
478 12.274783999 12.294358999 -0.281605  0.149043   1.73778
479 12.294360000 12.312579999 -0.258144  0.113386    1.9503
480 12.312579999 12.329513999 -0.312432  0.177198    2.0652
481 12.329514999 12.346026999 -0.395089  0.236791   1.96539
482 12.346026999 12.362269000 -0.377219  0.186579   1.97589
483 12.362269000 12.378579000 -0.234528  0.122963    2.1661
484 12.378579000 12.393953999 -0.175227  0.167741   2.38173
485 12.393953999 12.408807999 -0.217236  0.282604   2.39964
486 12.408807999 12.423551999 -0.281019  0.271852    2.3008
487 12.423551999 12.438777000 -0.351302  0.194524   2.11657
488 12.438778000 12.454205000 -0.308798  0.118375   2.16028
489 12.454205000 12.469648999 -0.289062   0.10465   2.24152
490 12.469648999 12.484661999 -0.330758  0.108934   2.24397
491 12.484663000 12.499639999 -0.383562  0.239816   2.09797
492 12.499639999 12.514915000 -0.417483  0.255024   2.00871
493 12.514915999 12.531117999 -0.379162  0.152237   1.92741
494 12.531117999 12.548122999  -0.261067 -0.0280024    2.05563
495 12.548122999 12.564268999 -0.204197  0.031731   2.28363
496 12.564268999 12.579513000 -0.198631  0.124901   2.41635
497 12.579513999 12.594139000 -0.247606  0.195948   2.34925
498 12.594142000 12.608848999 -0.265933  0.265381   2.19973
499 12.608849999 12.624522999 -0.167244  0.238115    2.0308
500 12.624524000 12.641294999 -0.121866 0.0845754   2.00576
501 12.641294999 12.657763999 -0.024824  0.166653   2.08241
502 12.657763999 12.673150999 0.00937567   0.247729    2.20164
503 12.673150999 12.688249000 0.0200277  0.312358   2.13359
504 12.688249000 12.702809000 0.0411488  0.365085   2.11749
505 12.702809000 12.717681999 -0.0233944   0.374695    2.04015
506 12.717681999 12.732742999 -0.0078805   0.390284     1.9348
507 12.732743999 12.748541999  0.12168 0.415031  1.74826
508 12.748543000 12.764901000 0.296259 0.353197  1.74875
509 12.764901000 12.781690000 0.359165 0.343643  1.73353
510 12.781691000 12.798726999 0.272946 0.403155  1.59119
511 12.798726999 12.816272000 0.0542707   0.38124   1.47691
512 12.816272000 12.839598000 0.0461039  0.183877   1.14319
513 12.839598000 12.867541000 -0.0739958 -0.0185672    1.16904
514 12.867541999 12.888713999 -0.352358 0.0892162   1.37667
515 12.888713999 12.908935999 -0.418858  0.133413   1.33217
516 12.908937000 12.933174000 -0.268167 0.0806793   1.09014
517 12.933175000 12.961208000 -0.326921 0.0154674  0.909366
518 12.961208000 12.997803000  -0.249853 -0.0198809   0.680905
519 12.997803000 13.049565000  0.0560123 -0.0144858  -0.407798
520 13.049566000 13.071492999   0.253233 -0.0362856   -1.53786
521 13.071492999 13.088468000   0.300015 -0.0640968   -2.08873
522 13.088468000 13.102882000  0.428639 -0.179154  -2.44098
523 13.102883000 13.116307000   0.4799 -0.31816 -2.45188
524 13.116307000 13.129782000  0.485324 -0.314527  -2.32849
525 13.129782000 13.144032999  0.423055 -0.219105  -2.26185
526 13.144034000 13.158965999  0.348909 -0.198966  -2.26288
527 13.158965999 13.173381000  0.347886 -0.255722  -2.20119
528 13.173381000 13.187295999  0.341107 -0.344951  -2.14799
529 13.187295999 13.201603999  0.325155 -0.438496    -1.765
530 13.201603999 13.217079999   0.24417 -0.410349  -1.65443
531 13.217079999 13.234311000  0.153769 -0.322194  -1.54462
532 13.234312000 13.251427999  0.117292 -0.226891  -1.80316
533 13.251429000 13.267106000  0.181839 -0.255087  -1.99067
534 13.267106000 13.281903999  0.313929 -0.238295  -2.09103
535 13.281903999 13.296293999  0.422212 -0.168502  -2.20389
536 13.296293999 13.310667000   0.43611 -0.157187  -2.18184
537 13.310667000 13.324767000  0.363372 -0.159049  -2.37723
538 13.324768000 13.338778000  0.271058 -0.153321  -2.47354
539 13.338778000 13.352461000  0.231892 -0.161462  -2.60057
540 13.352461000 13.365826999 0.235881 -0.15597 -2.72936
541 13.365826999 13.379374999  0.217759 -0.161065  -2.73525
542 13.379374999 13.393230999  0.178889 -0.241533  -2.48251
543 13.393230999 13.407872000  0.144389 -0.182036  -2.40926
544 13.407872000 13.423654999 0.0416865 -0.240614  -2.23176
545 13.423656000 13.439538000 0.0195607 -0.180535  -2.31194
546 13.439538999 13.454695000  0.122551 -0.252348   -2.3111
547 13.454695000 13.469602999  0.179553 -0.332941   -2.2716
548 13.469602999 13.484678999  0.317868 -0.273852   -2.1605
549 13.484679999 13.500264000  0.354221 -0.219454  -2.04786
550 13.500264000 13.516270999  0.289274 -0.148574  -2.16521
551 13.516271999 13.532365000    0.24921 -0.0881185   -2.23508
552 13.532365000 13.548166999   0.229708 -0.0834191    -2.3439
553 13.548166999 13.563218999   0.32385 -0.129187   -2.4064
554 13.563218999 13.578422999   0.432247 -0.0941625    -2.3762
555 13.578422999 13.593928000  0.540011 -0.056374  -2.20573
556 13.593928000 13.609855999  0.432005 0.0418688  -2.30968
557 13.609855999 13.626146999 0.314244 0.129022 -2.38588
558 13.626146999 13.641976999  0.291942 0.0296472  -2.58501
559 13.641976999 13.657966000   0.361115 0.00538435   -2.59101
560 13.657966000 13.674736999  0.43508 0.080188 -2.36322
561 13.674736999 13.693274999  0.419288 0.0621659   -2.1269
562 13.693274999 13.713983000 0.356684 0.052429 -1.83665
563 13.713985000 13.736087000 0.327797 0.100131 -1.76879
564 13.736088000 13.757554000 0.382036 0.127676 -1.80577
565 13.757554000 13.777142000  0.508741 0.0235574  -2.03509
566 13.777142000 13.795865000   0.59924 -0.038794  -2.13194
567 13.795865999 13.815160999    0.60991 -0.0237071   -1.98691
568 13.815161999 13.835969000  0.462795 0.0682409  -1.97372
569 13.835969999 13.858466999 0.318591 0.117515 -1.90089
570 13.858468000 13.883794000  0.312751 0.0920388  -1.56771
571 13.883794000 13.911236999    0.29638 -0.0631492   -1.39788
572 13.911237999 13.945511999  0.189446 -0.118654  -1.10823
573 13.945511999 13.986156000 -0.0113052  0.0131927   -1.03928
574 13.986157999 14.107989999  0.0340578 -0.0492299  0.0106275
575 14.107989999 14.139123000 -0.165764 -0.234896   1.34088
576 14.139124000 14.160257000 -0.184933 -0.279145   2.18055
577 14.160257000 14.178312000 -0.174028 -0.300226   2.72141
578 14.178312999 14.195479999 -0.247186 -0.252373   2.90082
579 14.195479999 14.212303000 -0.365329 -0.188537   2.95839
580 14.212303999 14.228850000 -0.364513 -0.221799   2.98795
581 14.228851000 14.244687999 -0.268725 -0.227616   3.17075
582 14.244687999 14.259935000 -0.233454 -0.161598   3.37963
583 14.259935999 14.274637000  -0.311472 -0.0399861     3.4182
584 14.274637999 14.289115999 -0.436078 0.0383757   3.32939
585 14.289116999 14.303479999 -0.455777  0.054584   3.24552
586 14.303481000 14.317884999 -0.499243 0.0643287   3.08401
587 14.317886000 14.332313999 -0.490121  0.147434   2.83817
588 14.332313999 14.347287000 -0.476316  0.226243   2.59185
589 14.347288000 14.362817999 -0.315313  0.220162   2.44416
590 14.362819000 14.378995999 -0.18819 0.236072  2.36367
591 14.378995999 14.395006000 -0.0665834   0.306392    2.34028
592 14.395006000 14.410911000 -0.0519701   0.323295     2.3119
593 14.410911000 14.426786999 -0.110758  0.294764   2.26683
594 14.426786999 14.442635000 -0.0942384   0.139383    2.36892
595 14.442635000 14.458263000 -0.0594378  0.0766033    2.46685
596 14.458263000 14.473314000 -0.00185868   0.0949667       2.612
597 14.473314000 14.488017999 -0.0710354  0.0975879    2.56832
598 14.488017999 14.502770000 -0.149612 0.0541548   2.56421
599 14.502770000 14.517597999 -0.107227 0.0215053   2.57071
600 14.517598999 14.532002999  0.0728185 -0.0558334    2.72083
601 14.532002999 14.545757000   0.146178 -0.0229902    2.91476
602 14.545757999 14.558977000 0.122695  0.20454  2.96284
603 14.558977999 14.572048999 -0.0120709   0.223409    2.91433
604 14.572048999 14.586165000 -0.122118  0.150709   2.70966
605 14.586166000 14.601298999  -0.144414 0.00828564    2.42999
606 14.601300000 14.616238999  -0.126474 -0.0887607    2.56953
607 14.616238999 14.630028999  -0.191172 -0.0915944    2.97617
608 14.630028999 14.642324000 -0.308865 0.0242445   3.33954
609 14.642324999 14.654152999 -0.408552  0.173126   3.33245
610 14.654152999 14.666140000 -0.433642  0.314475   3.05625
611 14.666140000 14.678869000 -0.311546  0.310351    2.6809
612 14.678869999 14.692897000 -0.177509  0.240972   2.48223
613 14.692897000 14.708712000 0.0034335 0.0527834   2.35266
614 14.708712000 14.724538000 -0.0032257  0.0386933    2.41643
615 14.724538000 14.740111999 -0.109164  0.299914   2.11973
616 14.740111999 14.755980000 -0.270044  0.325624   1.83214
617 14.755980000 14.773189999 -0.20077 0.334364  1.59009
618 14.773190999 14.791600999 -0.0871151   0.339562    1.48888
619 14.791602000 14.811524999 -0.135611  0.350775    1.1527
620 14.811524999 14.838167999 -0.274313  0.226971  0.583202
621 14.838167999 14.870935999 -0.209349  0.180815  0.470095
622 14.870937000 14.925513000 0.0420856  0.169194 -0.264132
623 14.925513000 14.958867000 0.179165 0.134293  -1.0078
624 14.958871000 14.981314000 0.143901 0.168235 -1.62393
625 14.981314000 14.998284000  0.230611 0.0367892  -2.19773
626 14.998284000 15.012393999   0.38971 -0.017876  -2.63593
627 15.012393999 15.025364999   0.482399 -0.0583926   -2.95917
628 15.025364999 15.037449000   0.408177 -0.0672053   -3.29526
629 15.037449000 15.049075000   0.458643 -0.0660012   -3.40246
630 15.049075000 15.060571999  0.413596 -0.077242  -3.45877
631 15.060573000 15.072244000  0.255124 -0.109495  -3.48611
632 15.072244000 15.083833000    0.23398 -0.0787218   -3.48259
633 15.083833000 15.095393000   0.206543 -0.0898642   -3.50983
634 15.095393000 15.106993000   0.326533 -0.0665335   -3.46563
635 15.106993000 15.118355000  0.476521 -0.193334   -3.4099
636 15.118355000 15.129610999  0.622676 -0.305862  -3.22702
637 15.129610999 15.140761000  0.682458 -0.372892  -3.00383
638 15.140765000 15.152423000  0.596698 -0.389722  -2.79176
639 15.152423000 15.165103000  0.446812 -0.373961  -2.50316
640 15.165103999 15.179470999 0.253917 -0.25708 -2.28134
641 15.179471999 15.195482999 0.0224153 -0.229358  -2.14238
642 15.195483999 15.212068999 -0.102251 -0.311451  -1.99751
643 15.212068999 15.230413999 -0.00362006   -0.311163     -1.7335
644 15.230414999 15.253752000 -0.0175318  -0.229223   -1.26346
645 15.253752999 15.285756999 -0.191373 -0.221338 -0.804773
646 15.285758000 15.363477999 -0.063522 -0.120082 -0.144579
647 15.363479000 15.530258999 -0.0206651 -0.0505649   0.127382
648 15.530260000 15.814888999  -0.0176332 0.000175574   0.0830263
649 15.814929999 15.942490999 -0.0831132 -0.0544976  0.0868267
650 15.942496999 15.982258000 -0.110487 -0.353181  0.231444
651 15.982258000 16.002587999 -0.136905 -0.837869  0.499442
652 16.002588999 16.017327000 -0.0480086   -1.32374   0.653703
653 16.017327000 16.029791999 0.0023079  -1.68482  0.813353
654 16.029791999 16.041026000 0.0124056  -1.97164   1.02591
655 16.041026000 16.051620999 0.0327546  -2.20296   1.29812
656 16.051620999 16.061893000 -0.0154952   -2.41933    1.41133
657 16.061893000 16.072085000 -0.123575  -2.55733   1.45972
658 16.072085000 16.082372999 -0.120775  -2.67921   1.52186
659 16.082374000 16.092774000 -0.131834  -2.75685     1.525
660 16.092774000 16.103561999 -0.105432  -2.73583   1.46587
661 16.103563000 16.114876999 -0.0701547   -2.63927    1.27406
662 16.114876999 16.126948999 0.0468706   -2.5657   1.07434
663 16.126948999 16.139436999 0.051897 -2.47513 0.729201
664 16.139438000 16.152540999 0.0665459  -2.39964  0.575409
665 16.152541999 16.166094000 -0.0485224   -2.35108   0.325152
666 16.166094000 16.181022000 -0.161076  -2.18286 0.0813073
667 16.181022000 16.198952000 -0.324414  -1.74995 -0.206576
668 16.198952000 16.222675999  -0.39846  -1.14142 -0.506454
669 16.222676999 16.260218000 -0.252679 -0.561349 -0.984461
670 16.260221000 16.346924000 -0.0993414  0.0428612  -0.467375
671 16.346924000 16.382353999 0.0283211  0.794198 0.0208844
672 16.382353999 16.402783999 0.0191074   1.55208 0.0410966
673 16.402785000 16.418977000 0.00550123    2.07804 -0.0797758
674 16.418977000 16.433182000 0.00438498    2.38059  -0.122037
675 16.433182999 16.445337000 -0.0147406    2.77774  -0.340788
676 16.445337000 16.456306000 -0.0311008    3.16382  -0.409308
677 16.456306000 16.466391000 -0.0389299    3.40297  -0.623362
678 16.466392000 16.475854000 -0.0850447    3.50957  -0.629552
679 16.475854000 16.484663000 0.00186971    3.68484  -0.637742
680 16.484664000 16.493017999 0.0445647   3.78186 -0.498551
681 16.493017999 16.500970000 0.0848431   3.91459 -0.510443
682 16.500970000 16.508542999  0.144443   4.01598 -0.378532
683 16.508542999 16.515783999  0.096536   4.00545 -0.424662
684 16.515783999 16.522926000  0.126615   4.03772 -0.270488
685 16.522926000 16.529749000  0.106602   4.08368 -0.123138
686 16.529749000 16.536578999  0.0902863    4.08622 -0.0299725
687 16.536578999 16.543463999     0.14813     3.98269 -0.00251508
688 16.543463999 16.550430000 0.0457973    3.7726 0.0809995
689 16.550430000 16.557511000 0.0583494   3.57724 0.0262283
690 16.557511000 16.564943999  0.0212944     3.3668 -0.0618279
691 16.564949000 16.572615999  0.0645161    3.10713 -0.0829861
692 16.572615999 16.580660000   0.17538   2.82612 -0.190317
693 16.580661000 16.589156999  0.357789   2.51537 -0.381806
694 16.589156999 16.597979000  0.432234   2.30221 -0.321684
695 16.597979000 16.606867000     0.619   2.15754 -0.225893
696 16.606867000 16.615592999  0.605685   2.23112 -0.177801
697 16.615592999 16.624062000  0.694251   2.25649 -0.109365
698 16.624062999 16.632651999  0.710399   2.18274 -0.218186
699 16.632651999 16.641695999  0.732122    1.9652 -0.227913
700 16.641696999 16.651689000   0.72751   1.56601 -0.420039
701 16.651689000 16.663025000  0.639815   1.25802 -0.324014
702 16.663025000 16.675748000 0.459285  1.11703 -0.44277
703 16.675748000 16.689566000  0.132574   1.13777 -0.566843
704 16.689566000 16.705390000 0.0211859  0.947066 -0.624873
705 16.705390000 16.728178999  0.226697  0.532089 -0.370174
706 16.728184000 16.779057000 -0.00185744   0.0170135   0.0272349
707 16.779058000 16.797685000  -0.19289 -0.868085  0.739668
708 16.797685000 16.811023000 -0.130988  -1.24028   0.90217
709 16.811023000 16.823050999 -0.176316  -1.40869   1.04323
710 16.823056000 16.834522999 -0.28796 -1.43218 0.829059
711 16.834522999 16.845142000 -0.303972   -1.5935  0.892453
712 16.845142999 16.854754999 -0.324656  -1.92401  0.825961
713 16.854754999 16.863666000 -0.342768  -2.18152   0.81977
714 16.863666999 16.872106000 -0.324394  -2.43705   0.93008
715 16.872106000 16.880069000 -0.323331  -2.66817   1.01943
716 16.880069000 16.887611999 -0.352363  -2.99292     1.075
717 16.887611999 16.894844999 -0.462556  -3.19422   1.06167
718 16.894844999 16.902036000 -0.59393 -3.32647  1.31624
719 16.902036999 16.909246999 -0.64598 -3.38033  1.13601
720 16.909248000 16.916576999 -0.734919  -3.39359   1.15105
721 16.916576999 16.923889999 -0.733975   -3.4821   1.30762
722 16.923889999 16.931227999 -0.698341  -3.52131    1.2697
723 16.931227999 16.938505999 -0.683809  -3.62762   1.43346
724 16.938507000 16.945596999 -0.643432  -3.82075   1.48557
725 16.945597999 16.952526999 -0.646251  -3.96691   1.48854
726 16.952526999 16.959372000 -0.513663  -4.13589   1.49146
727 16.959372000 16.966275999 -0.496538  -4.29112   1.65695
728 16.966277000 16.973376999 -0.387731  -4.30258   1.44537
729 16.973376999 16.980748000 -0.309864  -4.25449   1.29755
730 16.980748000 16.988346999 -0.295432  -4.20355   1.22507
731 16.988346999 16.996207999 -0.274189  -4.17522  0.930806
732 16.996207999 17.004367999 -0.296594  -4.16342   0.86382
733 17.004367999 17.012953999 -0.260711  -4.06569  0.482769
734 17.012953999 17.022141000 -0.190315  -3.79736  0.073502
735 17.022141000 17.032462000 -0.123437  -3.28674 -0.211886
736 17.032462000 17.044959999 -0.121346  -2.54665 -0.509213
737 17.044960999 17.062187000 -0.165059   -1.6475  -0.92125
738 17.062187000 17.084774999 -0.287335  -1.10928  -1.28486
739 17.084774999 17.111963999 -0.323557 -0.880841    -1.264
740 17.111963999 17.170910999 -0.233242  0.125519 -0.821137
741 17.170912000 17.205955999 -0.00649918    0.808873  -0.0530485
742 17.205958000 17.229145999 0.0280621    1.2598  0.145244
743 17.229145999 17.244766999 -0.0787383    2.06547 -0.0212346
744 17.244766999 17.256541000 -0.163992   2.95678  -0.23149
745 17.256541000 17.266571999 -0.199677   3.63208 -0.383013
746 17.266573000 17.275689999 -0.196884   4.03664 -0.543683
747 17.275691000 17.284118999 -0.136833   4.25129 -0.466024
748 17.284118999 17.291988999 -0.0611142    4.37375   -0.43961
749 17.291990000 17.299652000 0.0214939    4.4304 -0.415896
750 17.299652000 17.306942999   0.10978   4.43499 -0.411981
751 17.306942999 17.314122000  0.118574   4.37122 -0.484711
752 17.314123000 17.321142000    0.2108   4.25429 -0.511499
753 17.321142000 17.328009000  0.266705   4.18474 -0.518998
754 17.328009000 17.334797000  0.255929   4.19349 -0.374184
755 17.334797999 17.341536000  0.365462    4.2337 -0.529966
756 17.341536000 17.348093000  0.275656   4.35705 -0.516943
757 17.348093000 17.354580000  0.356424   4.31126 -0.355286
758 17.354580000 17.361004000   0.41184   4.35647 -0.433168
759 17.361004000 17.367367000  0.386672   4.36162 -0.326693
760 17.367368000 17.373700999   0.38368    4.3585 -0.221952
761 17.373700999 17.379934999  0.431789   4.25438 -0.368581
762 17.379934999 17.386334000  0.563147   4.05355 -0.589682
763 17.386334000 17.392922000  0.665487   3.75847 -0.615822
764 17.392922999 17.399848999  0.714778   3.34966 -0.605871
765 17.399848999 17.407269999  0.669455   2.90186 -0.453487
766 17.407269999 17.415132999  0.716615   2.53243 -0.545267
767 17.415132999 17.423402999  0.623995   2.29945 -0.279772
768 17.423402999 17.431983999  0.444908   2.22307 -0.105629
769 17.431984999 17.440579999   0.134538    2.21866 -0.0294056
770 17.440579999 17.449315000  0.016355   2.22076 -0.045898
771 17.449315000 17.458392999 -0.0595085    2.08226 -0.0963624
772 17.458392999 17.468364000 -0.00755138      1.8633  -0.0752506
773 17.468365000 17.479425999  0.148957   1.58778 -0.133094
774 17.479425999 17.491518000  0.408159   1.34946 -0.200099
775 17.491518000 17.504488000  0.395006   1.22627 0.0728384
776 17.504488000 17.517926000  0.138213   1.25734 0.0565481
777 17.517926000 17.532077000 -0.00183078     1.19987  -0.0841776
778 17.532077000 17.548460999 0.0159698  0.986874  -0.16787
779 17.548461999 17.569011999 0.0545969  0.754235 -0.131308
780 17.569013000 17.594900999 -0.0887806   0.549983   0.060509
781 17.594900999 17.637071999 -0.259112 0.0843319  0.383257
782 17.637071999 17.672967999 -0.261142  -0.33525  0.606417
783 17.672969000 17.693568000 -0.187207 -0.799772   0.45937
784 17.693568999 17.708381999 -0.267969  -1.17983  0.464279
785 17.708383000 17.720045999 -0.344402  -1.57892  0.669543
786 17.720047000 17.729859000 -0.399782  -1.99594  0.861831
787 17.729859000 17.738504000 -0.378794  -2.43375  0.848707
788 17.738504000 17.746228000 -0.327913  -2.85103  0.892366
789 17.746228000 17.753499000 -0.334216  -3.15553   1.27523
790 17.753499000 17.760294000 -0.339919  -3.31994   1.36865
791 17.760294000 17.766840999 -0.351573  -3.43957   1.30413
792 17.766840999 17.773424999 -0.383366  -3.49488   1.55784
793 17.773424999 17.780102999 -0.427019  -3.42469   1.43735
794 17.780102999 17.786919000 -0.488723  -3.31193   1.48528
795 17.786919000 17.793856000 -0.511888  -3.23078   1.46218
796 17.793856000 17.800973999 -0.610505  -3.19397   1.36191
797 17.800973999 17.808053000 -0.60935 -3.17042  1.45855
798 17.808054000 17.815063000 -0.525589   -3.2694   1.37225
799 17.815063000 17.822021999 -0.444047  -3.41427   1.10966
800 17.822021999 17.828891000 -0.480292  -3.53565   1.06407
801 17.828891000 17.835655000 -0.416009  -3.69552  0.969201
802 17.835655000 17.842429999 -0.39496 -3.77759 0.806379
803 17.842431000 17.849164999 -0.432185  -3.85416  0.691389
804 17.849165999 17.856018999 -0.419573   -3.8855  0.663668
805 17.856018999 17.863048000 -0.460567  -3.76704   0.60072
806 17.863048000 17.870343000 -0.479462  -3.55262  0.350441
807 17.870343000 17.878043000 -0.480705  -3.27841 0.0520967
808 17.878043000 17.886503000 -0.511955  -2.95087 -0.259032
809 17.886504000 17.895788999 -0.416984  -2.55439 -0.448524
810 17.895790000 17.906207000 -0.412569  -2.16184 -0.885157
811 17.906207999 17.917612000 -0.340311  -1.90245  -1.08997
812 17.917612000 17.929740999 -0.352123  -1.78651    -1.094
813 17.929741999 17.942251999 -0.293568  -1.80288 -0.869051
814 17.942251999 17.955439000 -0.288955  -1.80274 -0.736253
815 17.955439999 17.968594999 -0.304139  -1.92117 -0.556808
816 17.968594999 17.982292000 -0.315355  -1.94092   -0.3182
817 17.982293000 17.998979000 -0.356915  -1.49149  -0.30019
818 17.998979999 18.028929000 -0.300495 -0.666414 -0.320908
819 18.028930000 18.123907999 -0.0227983  -0.136169  -0.194931
820 18.123909000 18.158532000 0.0285215  0.778567 -0.097578
821 18.158532000 18.178997000  -0.035763    1.19863 -0.0666589
822 18.178997000 18.194777999 -0.0178379     1.6365  -0.148827
823 18.194777999 18.207635999 0.00635996    2.10036  -0.185122
824 18.207635999 18.218506000 0.0252219   2.58464 -0.245955
825 18.218506000 18.227935000 0.0159058   3.05759 -0.236508
826 18.227935999 18.236358999 0.0698447   3.45393 -0.328554
827 18.236360000 18.244193000 0.0972574   3.75162 -0.184219
828 18.244193000 18.251506999  0.112575   3.92898 -0.164125
829 18.251506999 18.258553999 0.0947344   4.05051 -0.182468
830 18.258553999 18.265340999    0.18062     4.0891 -0.0640621
831 18.265340999 18.272107000   0.155001    4.15276 0.00264816
832 18.272107999 18.278795000    0.133902      4.1285 -0.00734465
833 18.278795000 18.285326000   0.153368    4.16709 -0.0168962
834 18.285327000 18.291828999  0.138794   4.16848 0.0771339
835 18.291828999 18.298353999 0.150123  4.12849 0.372447
836 18.298353999 18.304732000 0.103856  4.14217 0.059981
837 18.304732000 18.311068999 0.125167  4.05654 0.264265
838 18.311068999 18.317317000 0.142824  3.95051 0.204537
839 18.317317000 18.323790000 0.262625   3.7813 0.378586
840 18.323790000 18.330346999 0.328441  3.58644 0.137286
841 18.330346999 18.337150000 0.563135  3.24777 0.132494
842 18.337150000 18.344465999   0.665772    2.79683 0.00376439
843 18.344465999 18.352614000   0.77925    2.2201 0.0487798
844 18.352614000 18.361679000 0.703224  1.78903 0.249365
845 18.361679000 18.371760000 0.586733  1.53059 0.176244
846 18.371760999 18.382246000 0.195018  1.62029 0.176849
847 18.382250999 18.393136999  0.0817363    1.50538 -0.0107382
848 18.393136999 18.405719000 0.0261718   1.18927  0.039133
849 18.405720000 18.424047000 0.140973 0.726812 0.046298
850 18.424048000 18.466087000 -0.0419358    0.19652 -0.0551599
851 18.466087000 18.496909000 -0.297153  -0.22044 -0.110771
852 18.496909000 18.527658000  -0.199492  -0.315045 -0.0781269
853 18.527658000 18.553925999  -0.209475  -0.432169 -0.0330007
854 18.553925999 18.581221999 -0.0304274  -0.466601 -0.0323788
855 18.581221999 18.609609000  -0.170537  -0.393012 -0.0647375
856 18.609609999 18.634896000  -0.207237  -0.447883 -0.0282212
857 18.634896000 18.657774999 0.0151614 -0.573556 0.0611905
858 18.657774999 18.676356000 0.0106483  -0.72287  0.183796
859 18.676356000 18.695784999 -0.0952698  -0.666783   0.189167
860 18.695784999 18.717674000 -0.200896 -0.545544  0.196529
861 18.717674999 18.738012000 -0.210256 -0.619933 0.0889983
862 18.738013000 18.755280999 -0.112329 -0.809914 0.0240482
863 18.755280999 18.771430999 -0.243418 -0.874143 0.0933528
864 18.771430999 18.789109999 -0.370462 -0.688757 0.0211497
865 18.789111000 18.810601000   -0.3983 -0.407168 -0.146898
866 18.810601000 18.836097999 -0.220033 -0.430686 -0.182023
867 18.836098999 18.859104999    -0.1145  -0.562301 -0.0389369
868 18.859105999 18.881358999   -0.247411   -0.557106 -0.00322166
869 18.881358999 18.916389000  -0.198058  -0.256118 -0.0986637
870 18.916389999 18.961636999 -0.0303704  -0.270925 -0.0563837
871 18.961637999 18.997425999 -0.0481094  -0.370775  0.0393274
872 18.997425999 19.038852000 0.170701 -0.21931 0.164311
873 19.038852000 19.058285000  0.575485 -0.332288  0.253313
874 19.058286000 19.071903999  0.916488 -0.428604  0.385843
875 19.071905000 19.083045999  1.29635 -0.29219 0.453384
876 19.083045999 19.092719999   1.66401 -0.142853  0.456032
877 19.092719999 19.101491999   1.90312 -0.170769  0.423938
878 19.101491999 19.109695999    2.18755 -0.0331161   0.433881
879 19.109695999 19.117430999     2.39569 -0.00992443    0.329384
880 19.117431999 19.124948999    2.5699 0.0046294  0.289403
881 19.124948999 19.132225999   2.78662 0.0710673  0.243185
882 19.132225999 19.139265000  2.96223 -0.03166 0.137961
883 19.139265000 19.146240999     3.1099 -0.0292056   0.152216
884 19.146241999 19.153208999     3.1927 -0.0378087   0.200103
885 19.153208999 19.160310000    3.28012 -0.0709561 -0.0485434
886 19.160310000 19.167565999    3.25581 -0.0837095 -0.0638301
887 19.167567000 19.175187000   3.22982 -0.029883 -0.140763
888 19.175187000 19.183182999    3.15337 -0.0594623 -0.0531887
889 19.183182999 19.191712999    3.02611 -0.0250043  -0.175941
890 19.191712999 19.200777999    2.85402 -0.0123607 -0.0880702
891 19.200777999 19.210838000    2.62869  0.0528218 -0.0869008
892 19.210838999 19.222370000   2.27615 0.0289609 -0.201584
893 19.222370000 19.236258999   1.80014  0.116817 -0.157808
894 19.236258999 19.253790999   1.32443  0.259246 -0.031633
895 19.253790999 19.278864999 0.824377 0.128551  0.25603
896 19.278872999 19.331740999 0.0268441 0.0969883  0.132824
897 19.331740999 19.347769999    -1.5829  0.0704504 -0.0724993
898 19.347769999 19.359121999   -2.38779   0.107553 -0.0859711
899 19.359121999 19.368778000  -2.91575  0.164116 -0.254047
900 19.368778000 19.377432999  -3.25808  0.144047 -0.302442
901 19.377432999 19.385394000  -3.50446  0.147976 -0.386969
902 19.385395000 19.392797000  -3.66231  0.114194 -0.515298
903 19.392797000 19.399910999   -3.7838 0.0859448 -0.368112
904 19.399911999 19.406723999 -3.82693 0.062307    -0.35
905 19.406723999 19.413268000  -3.83174 0.0980415 -0.254096
906 19.413268000 19.419452999  -3.90056 0.0785608 -0.252477
907 19.419452999 19.425561000  -3.85487 0.0420013 -0.391061
908 19.425561000 19.431579999   -3.89829 -0.0383897  -0.419223
909 19.431581000 19.437419999   -3.82643 -0.0809968  -0.232932
910 19.437419999 19.443319000  -3.87317 -0.115406 -0.264801
911 19.443319000 19.449178999   -3.84322 -0.0808811  -0.320417
912 19.449178999 19.454946999  -3.85664 -0.160919 -0.281966
913 19.454946999 19.460672000  -3.87459  -0.18795 -0.227679
914 19.460672000 19.466364999  -3.93407 -0.166731 -0.219782
915 19.466364999 19.472112000  -3.99601 -0.130968 -0.206819
916 19.472112000 19.477745999   -4.06303 -0.0963239   -0.20225
917 19.477745999 19.483378000   -4.14325 -0.0723855  -0.391233
918 19.483378000 19.488918000   -4.20621 -0.0368802  -0.425752
919 19.488918000 19.494477999   -4.21965 0.00443284  -0.495198
920 19.494477999 19.500002999  -4.28207 0.0218982 -0.593693
921 19.500002999 19.505549000  -4.31006 -0.027519 -0.701037
922 19.505549000 19.511082000    -4.24829 -0.00763149   -0.745089
923 19.511082000 19.516764000  -4.13753 0.0140069 -0.910607
924 19.516764000 19.522505000   -3.96898 -0.0401394   -1.08131
925 19.522505000 19.528518999  -3.76646 -0.105005  -1.05031
926 19.528518999 19.534857000   -3.60932 -0.0558074   -1.02172
927 19.534857999 19.541590999   -3.38419 -0.0475634   -1.04504
928 19.541590999 19.548840999   -3.11111 -0.0397949   -1.10319
929 19.548841999 19.556741999   -2.88741 -0.0909324   -1.13352
930 19.556741999 19.565260000  -2.63587 -0.108386  -1.11541
931 19.565260000 19.574685999  -2.34984 -0.118204 -0.977324
932 19.574686999 19.584960000   -2.01877 -0.0971619  -0.576827
933 19.584960999 19.596700999  -1.71095 0.0166432    -0.484
934 19.596700999 19.611202000     -1.2559 -0.00672623    -0.22835
935 19.611202999 19.631928000  -0.772193 -0.0965253   0.175511
936 19.631928000 19.677784999 0.0658536 -0.133634  0.579026
937 19.677786000 19.694263999   1.19043 -0.304922  0.713366
938 19.694263999 19.706310999   1.73532 -0.350546  0.710458
939 19.706310999 19.716709000   2.13585 -0.229484  0.678243
940 19.716709000 19.726028999  2.50484 -0.16586 0.639389
941 19.726028999 19.734504000   2.81153 -0.107058  0.490045
942 19.734504000 19.742382999    3.07956 -0.0466781   0.467475
943 19.742382999 19.749729999    3.37748 -0.0587015   0.554166
944 19.749729999 19.756616000    3.54065 -0.0534681   0.375902
945 19.756616000 19.763218000    3.68587 -0.0107367   0.294959
946 19.763218999 19.769457999    3.80848 -0.0919192    0.37053
947 19.769457999 19.775553000   3.86303 -0.114113  0.341372
948 19.775553000 19.781567999    3.94511 -0.0788188   0.215505
949 19.781567999 19.787573000   3.98907 -0.147815   0.24922
950 19.787573000 19.793573999  3.97926 -0.20657  0.25612
951 19.793573999 19.799517000   4.03098 -0.145838  0.191142
952 19.799518000 19.805410000   4.00066 -0.187717  0.241169
953 19.805410000 19.811282999   4.00019 -0.262457     0.148
954 19.811282999 19.817113999   4.04851 -0.237517  0.266489
955 19.817113999 19.822929999    4.09801   -0.18444 0.00490161
956 19.822929999 19.828759000     4.1084 -0.0822964  0.0341743
957 19.828759000 19.834546999    4.0719 -0.124959 0.0280023
958 19.834546999 19.840361000    4.04782 -0.0531752    0.14578
959 19.840361000 19.846212000     4.0432  0.0109412 -0.0734699
960 19.846213000 19.852224999    3.99691   0.043953 -0.0872833
961 19.852224999 19.858375999   3.90986 0.0951073 -0.127136
962 19.858376999 19.864723000   3.73828  0.146629 -0.162378
963 19.864723000 19.871377000    3.56474  0.0720071 -0.0118579
964 19.871377000 19.878350000   3.39814 0.0802686 -0.143253
965 19.878350000 19.885820999     3.14929   0.0277381 -0.00693289
966 19.885820999 19.893931999    2.93933 -0.0592702  0.0129708
967 19.893931999 19.902999000    2.64468 -0.0764523  0.0863003
968 19.902999000 19.912953000    2.33608 -0.0659533  0.0428083
969 19.912953000 19.924185000    2.05492 -0.0639928   0.137755
970 19.924186000 19.936569000     1.8433 -0.0409085   0.129711
971 19.936569000 19.950156999   1.75394 0.0127803  0.154729
972 19.950158000 19.965116000   1.61293 0.0220735 0.0775065
973 19.965116000 19.982935000     1.30408 -0.00475383   0.0669173
974 19.982935000 20.006207999   0.917667 -0.0347875    0.11165
975 20.006209000 20.057121000 0.0626754 -0.128883  0.172517
976 20.057121000 20.077294999  -1.21259 0.0827147 0.0169872
977 20.077294999 20.091178999  -1.73784  0.501471 -0.106487
978 20.091180000 20.102541000  -2.16332  0.662257 -0.180437
979 20.102541000 20.112256000  -2.57618  0.781888 -0.160648
980 20.112256000 20.120668000  -3.03776   0.87156 -0.111411
981 20.120668000 20.128110999  -3.51149  0.893909 -0.197341
982 20.128110999 20.134935000  -3.92707  0.969026 -0.109458
983 20.134935000 20.141149000  -4.38676  0.933949 -0.123873
984 20.141149000 20.146887999 -4.76831 0.727274 -0.22269
985 20.146887999 20.152250000   -5.1807  0.270628 -0.169988
986 20.152250999 20.157351999  -5.40106  0.243588 -0.248499
987 20.157351999 20.162270999   -5.6143 0.0976232 -0.211431
988 20.162272000 20.167070000  -5.71418 0.0892526 -0.133892
989 20.167070000 20.171781999  -5.77341 0.0950814 -0.270185
990 20.171781999 20.176470999  -5.77913  0.139969 -0.387936
991 20.176470999 20.181167000  -5.78842  0.115798 -0.362883
992 20.181167000 20.185843999  -5.70744  0.253623 -0.602646
993 20.185844999 20.190629000  -5.60001  0.191842 -0.517509
994 20.190629000 20.195457000  -5.46466  0.162113 -0.553976
995 20.195457000 20.200431000  -5.21965 0.0854931 -0.532332
996 20.200431000 20.205567000  -4.97519 0.0750353 -0.683794
997 20.205567000 20.210832999  -4.68279 0.0107891 -0.725581
998 20.210832999 20.216257000  -4.47431 0.0140178 -0.799212
999 20.216257000 20.221928999  -4.16292 0.0125872 -0.622536
1000 20.221928999 20.227683999     -3.89958 -0.000670487    -0.679018
1001 20.227685000 20.233701999   -3.64829 -0.0375173  -0.896825
1002 20.233701999 20.240008999  -3.41943 -0.144257  -1.00417
1003 20.240008999 20.246695000  -3.35046 -0.164773 -0.839059
1004 20.246695999 20.253690000  -3.23286 -0.241651  -1.02499
1005 20.253690000 20.260896000  -3.12468 -0.379013  -1.04143
1006 20.260896999 20.268483999   -3.1024 -0.339081 -0.934968
1007 20.268483999 20.276389000  -3.04334 -0.296742 -0.987554
1008 20.276389000 20.284668999  -2.95746 -0.198136 -0.904383
1009 20.284670000 20.293366999  -2.77804  -0.12394 -0.669105
1010 20.293366999 20.302620000   -2.51347 -0.0760939  -0.590308
1011 20.302620000 20.313180999   -2.12623 -0.0236072   -0.39803
1012 20.313180999 20.326168000  -1.58879 0.0365477 -0.426858
1013 20.326168999 20.347948999 -0.762542 0.0859678 -0.123953
1014 20.347948999 20.384859000  0.342564 0.0318318  0.402809
1015 20.384859000 20.401289999   1.18971 -0.240237   0.59395
1016 20.401289999 20.414961000    1.4876 -0.200177  0.635875
1017 20.414961000 20.427086000    1.72103 -0.0797506   0.623634
1018 20.427086000 20.437972000   2.00783 0.0258421  0.746518
1019 20.437972999 20.447667000  2.33599 0.157855 0.821086
1020 20.447667000 20.456438999   2.6274 0.135318 0.716915
1021 20.456438999 20.464453000  2.94085 0.035815 0.521852
1022 20.464453000 20.471789000    3.30261 -0.0690138   0.295437
1023 20.471789000 20.478477000   3.64383 -0.128758  0.273692
1024 20.478477000 20.484720999   3.91085 -0.333412  0.275529
1025 20.484720999 20.490643000   4.12406 -0.450667   0.23399
1026 20.490643000 20.496263999   4.33056 -0.451983  0.130712
1027 20.496263999 20.501827999   4.46468 -0.481828  0.188759
1028 20.501827999 20.507378000   4.52403 -0.536173  0.163238
1029 20.507378000 20.512945000     4.5264  -0.308964 -0.0206578
1030 20.512945000 20.518506999    4.48879  -0.315193 -0.0193831
1031 20.518506999 20.524115000   4.44347 -0.215659  0.166898
1032 20.524115000 20.529834000   4.27375 -0.082846 0.0120466
1033 20.529834000 20.535644000    4.10554 -0.0578926   0.106853
1034 20.535644000 20.541576999    3.95893 -0.0224195    0.17625
1035 20.541576999 20.547637000    3.79356 -0.0253887 -0.0328427
1036 20.547637000 20.553758999   3.67015 0.0399509 0.0436657
1037 20.553758999 20.559972999   3.56384 0.0879884  -0.18041
1038 20.559972999 20.566328999   3.50594 0.0996108   -0.1743
1039 20.566329999 20.572822000    3.40769  0.0771498 -0.0317149
1040 20.572822000 20.579476999     3.3822   0.131927 -0.0284528
1041 20.579476999 20.586301999   3.3213 0.084147 0.101485
1042 20.586301999 20.593285000    3.25902  0.0946545 -0.0499824
1043 20.593285000 20.600492999   3.19978 0.0435596 0.0479712
1044 20.600492999 20.607963000    3.1135 0.0333908  0.018276
1045 20.607963000 20.615660999   3.05212 0.0265693 0.0916308
1046 20.615661999 20.623813999     2.99042 -0.00482674     0.17391
1047 20.623813999 20.632268999   2.97733 -0.026506   0.14934
1048 20.632268999 20.641180000   2.91179 0.0165787  0.115306
1049 20.641180999 20.650740000   2.74549 0.0118332  0.190629
1050 20.650740000 20.661442000   2.48316 0.0178773  0.207546
1051 20.661442000 20.674127999   2.03595 0.0626503  0.143675
1052 20.674127999 20.690177000   1.50582 0.0367815 0.0884495
1053 20.690177000 20.709773999    1.16175 0.00745377   0.135605
1054 20.709773999 20.731111000    1.06749 -0.0209141   0.320898
1055 20.731111000 20.759368000  0.746778 -0.106495  0.511651
1056 20.759368000 20.806626000 -0.166447  -0.23064  0.734552
1057 20.806626000 20.827395999  -1.21344 0.0822567   0.28967
1058 20.827397000 20.841838000   -1.72047   0.385322 -0.0319944
1059 20.841838000 20.853899000  -2.10352  0.517226 -0.103781
1060 20.853899000 20.864526000  -2.44241   0.52835 0.0202224
1061 20.864527000 20.874055999   -2.86112   0.417869 -0.0421468
1062 20.874055999 20.882581999 -3.24075 0.222392 0.170365
1063 20.882582999 20.890143000  -3.61356  0.280567 0.0711977
1064 20.890143000 20.897070999   -3.96177   0.563339 -0.0274081
1065 20.897070999 20.903460999  -4.37566  0.500215 -0.142066
1066 20.903462000 20.909320000   -4.72675   0.803805 -0.0776156
1067 20.909320000 20.914754000  -5.05398  0.792136 -0.287265
1068 20.914754000 20.919875000   -5.3059   0.64112 -0.336305
1069 20.919875000 20.924791000  -5.55936  0.735434 -0.489552
1070 20.924791000 20.929577000  -5.83818  0.493786 -0.538994
1071 20.929577000 20.934270000  -5.95748  0.389882 -0.503667
1072 20.934270000 20.938822000  -6.08919  0.435972 -0.809682
1073 20.938822000 20.943371000  -6.17888  0.331897 -0.727173
1074 20.943371000 20.947867999  -6.17447   0.34069 -0.844531
1075 20.947867999 20.952464000  -6.17884   0.40294 -0.945484
1076 20.952464000 20.957116000  -6.10538  0.376141 -0.921913
1077 20.957116000 20.961826999 -5.86609 0.413439 -1.11219
1078 20.961826999 20.966600999 -5.69776 0.488961 -1.14614
1079 20.966602000 20.971554000 -5.42574 0.553261 -1.12184
1080 20.971554000 20.976545000 -5.09907  0.60322   -1.216
1081 20.976546000 20.981769999  -4.6542 0.556742 -1.27188
1082 20.981769999 20.987248000 -4.20459 0.430561 -1.22815
1083 20.987248000 20.993260999 -3.69942 0.413265 -1.26992
1084 20.993260999 20.999809999 -3.18308 0.129826 -0.89247
1085 20.999811000 21.007114000  -2.81636 0.0495251 -0.676875
1086 21.007114000 21.015151999  -2.48727 -0.127339 -0.816608
1087 21.015151999 21.023655000  -2.38056 -0.247337 -0.842411
1088 21.023655000 21.032283999   -2.4272 -0.171286 -0.743383
1089 21.032283999 21.040981000  -2.51473  -0.24551 -0.761894
1090 21.040981999 21.049970000  -2.47947 -0.142985 -0.874327
1091 21.049970000 21.060048999    -2.1476 -0.0529313  -0.726914
1092 21.060049999 21.072709999  -1.50567 0.0699708 -0.617599
1093 21.072709999 21.098027000 -0.534319  0.265312 -0.297179
1094 21.098027000 21.150661999  0.120894 0.0222001 -0.141638
1095 21.150663000 21.164225999  1.40756 -0.41919 0.150295
1096 21.164233999 21.175861000   1.69489 -0.264118  0.219531
1097 21.175861000 21.186967000    1.86086 -0.0689884   0.219033
1098 21.186967999 21.197715999    1.90045 0.00281211   0.309463
1099 21.197715999 21.207621999    2.08285 0.00959758   0.309295
1100 21.207623000 21.216240999    2.50028 0.00497227   0.285866
1101 21.216242000 21.223850000    2.95687 -0.0642199   0.410324
1102 21.223850000 21.230700000   3.35202 -0.134142  0.357998
1103 21.230700999 21.237053999    3.6821 -0.156687   0.68912
1104 21.237053999 21.243035000   3.95791 -0.212463  0.480109
1105 21.243035000 21.248775999   4.15597 -0.186408  0.462139
1106 21.248775999 21.254502999   4.28887 -0.256373  0.590822
1107 21.254502999 21.260167999   4.34521 -0.264051  0.459304
1108 21.260167999 21.265807000    4.3915 -0.211378  0.591959
1109 21.265807000 21.271430999   4.35438 -0.168985  0.422763
1110 21.271430999 21.277066000    4.32586 -0.0408526   0.488236
1111 21.277066000 21.282697000    4.31592 -0.0377494   0.600076
1112 21.282697000 21.288300999   4.28794 0.0137668  0.474442
1113 21.288302000 21.293935000   4.25043 0.0226888  0.499855
1114 21.293935000 21.299611000   4.16272 0.0193515  0.466674
1115 21.299611000 21.305304999   4.10389 0.0489751  0.462671
1116 21.305304999 21.311068999   3.96944 0.0588363  0.510068
1117 21.311068999 21.317051999   3.81517 0.0606628  0.606307
1118 21.317051999 21.323423000    3.5653 0.0671382  0.554087
1119 21.323423000 21.330163999    3.3066 0.0732293  0.494932
1120 21.330163999 21.337497999     2.958 0.0600271  0.382356
1121 21.337497999 21.345643999   2.53161 0.0158181  0.625007
1122 21.345643999 21.354808999   2.08728 -0.033726   0.53506
1123 21.354812999 21.365221999     1.7377 -0.0188074   0.436704
1124 21.365221999 21.377507000   1.46056 0.0398607  0.371519
1125 21.377508000 21.392293000   1.18056 0.0759945  0.261362
1126 21.392293000 21.414333999   0.718807 -0.0105178   0.203523
1127 21.414333999 21.459551000  -0.144993 -0.0752186   0.417868
1128 21.459552000 21.481160000 -0.747611 0.0599686  0.185831
1129 21.481160000 21.499121999  -0.771747   0.315645 -0.0707484
1130 21.499122999 21.515707999 -0.903963  0.131339 -0.304952
1131 21.515709000 21.535848000  -0.693914 -0.0443547   -0.35233
1132 21.535848000 21.564877999 -0.423553 -0.131605 -0.207153
1133 21.564879000 21.586398000 -0.591852 0.0847438 -0.215565
1134 21.586398000 21.604328999 -0.726771   0.14953  -0.19222
1135 21.604331000 21.623506000   -0.66231  0.0195133 -0.0914879
1136 21.623506999 21.643457000 -0.627984 0.0322949 -0.149027
1137 21.643458000 21.664387000 -0.581727  0.122776 -0.233976
1138 21.664387000 21.702657999 -0.230887  0.113035 -0.400383
1139 21.702660000 21.739173000  -0.099544 -0.0790521  -0.846079
1140 21.739173000 21.765606999 -0.119835  -0.05743  -1.24681
1141 21.765606999 21.786485000  -0.128411 -0.0416076   -1.70248
1142 21.786488000 21.803454000 -0.23984  -0.1773 -2.16544
1143 21.803454999 21.818132000 -0.398253 -0.285106  -2.58234
1144 21.818132000 21.831679000 -0.381391 -0.422447  -2.81789
1145 21.831679000 21.844357000 -0.219548 -0.364222  -3.25723
1146 21.844357000 21.856301000 -0.0101067  -0.343209   -3.61406
1147 21.856301000 21.867635999  0.176627 -0.310718   -4.0039
1148 21.867635999 21.878547000  0.306095 -0.342867  -4.29515
1149 21.878548000 21.889220000  0.437744 -0.362183   -4.3882
1150 21.889220000 21.899832999  0.513069 -0.424197  -4.49293
1151 21.899834000 21.910452999  0.586974 -0.447265  -4.46965
1152 21.910452999 21.921014999  0.640235 -0.435176  -4.46034
1153 21.921014999 21.931789000  0.553105 -0.545391  -4.59613
1154 21.931789999 21.942790999   0.49009 -0.720755  -4.44932
1155 21.942790999 21.954095000  0.477491 -0.790368   -4.2729
1156 21.954095000 21.965790000  0.550701 -0.757421  -4.07308
1157 21.965790999 21.978306999   0.62834 -0.626411  -3.78834
1158 21.978306999 21.991645999  0.646355 -0.487956  -3.55178
1159 21.991645999 22.005636000   0.59227 -0.354861  -3.44862
1160 22.005636999 22.020359000   0.51326 -0.329536  -3.22851
1161 22.020359000 22.035921999   0.36896 -0.453054  -2.91651
1162 22.035922999 22.053288000  0.361424 -0.458947  -2.47939
1163 22.053288000 22.074263999  0.368831 -0.404291  -1.76895
1164 22.074263999 22.132924000   0.101614 -0.0545533  -0.124354
1165 22.132924000 22.155226000 0.0297548 -0.173725    2.3236
1166 22.155228000 22.169701999 0.00500009  -0.259689    3.98995
1167 22.169703000 22.181892000 -0.111207 -0.298308   5.08846
1168 22.181892000 22.192839999 -0.273215 -0.207155   5.88585
1169 22.192839999 22.202875999 -0.381303 -0.071143   6.54108
1170 22.202875999 22.212372000  -0.465817 0.00975448    7.02231
1171 22.212372000 22.221400000 -0.609004  0.111347   7.32427
1172 22.221400999 22.230064999 -0.672169  0.213256   7.61537
1173 22.230065999 22.238462999 -0.700808  0.300165   7.68931
1174 22.238462999 22.246552000 -0.765107  0.295413   7.74058
1175 22.246552000 22.254453000 -0.799283  0.352726   7.71849
1176 22.254453000 22.262063000 -0.758611  0.401357   7.68134
1177 22.262063000 22.269464999 -0.800614  0.428547   7.71092
1178 22.269464999 22.276717000 -0.828753  0.548275   7.77541
1179 22.276718000 22.283837000 -0.790993  0.548503   7.81023
1180 22.283837999 22.290881999 -0.817903  0.513871   7.95285
1181 22.290881999 22.297778000 -0.84048 0.573395  7.92188
1182 22.297779000 22.304581999 -0.870367  0.620665   7.92748
1183 22.304581999 22.311252999 -0.843148  0.621424   7.95374
1184 22.311252999 22.318001000 -0.837778  0.587121   7.87984
1185 22.318001000 22.324674000 -0.844607  0.684009   7.92628
1186 22.324674000 22.331393000 -0.915133  0.698394   7.75775
1187 22.331393999 22.338244999 -0.872424  0.734558   7.68452
1188 22.338244999 22.345093000 -0.880976  0.801574   7.63901
1189 22.345093000 22.351912999 -0.948978  0.855582   7.48305
1190 22.351912999 22.358689000 -1.02003 0.787724   7.5322
1191 22.358689000 22.365591999 -0.892107  0.832931   7.42075
1192 22.365591999 22.372463999 -0.87728 0.817765  7.18979
1193 22.372463999 22.379546000 -0.876025  0.695181   7.18707
1194 22.379546000 22.386698000 -0.84706 0.742738  7.03242
1195 22.386698000 22.394014999 -0.803428  0.751839   6.81445
1196 22.394014999 22.401337000 -0.815207  0.660878   6.73427
1197 22.401337000 22.408866999 -0.750464  0.729687   6.49213
1198 22.408866999 22.416500999 -0.857645  0.695374    6.2193
1199 22.416500999 22.424361000 -0.834496  0.631275   5.93256
1200 22.424361000 22.432414000 -0.88389 0.652644  5.44483
1201 22.432414000 22.440779000 -0.818768   0.57112   5.07525
1202 22.440779000 22.449644999 -0.788507  0.494815   4.74246
1203 22.449644999 22.458920000 -0.685092  0.566401   4.06542
1204 22.458920000 22.469094999 -0.548932  0.562287    3.3651
1205 22.469094999 22.480797000 -0.366947  0.553551   2.47007
1206 22.480797999 22.496598999 0.030731 0.495938  1.21706
1207 22.496598999 22.519508000  0.601085  0.184626 -0.535971
1208 22.519508999 22.533394000   0.88911 -0.303081  -1.94295
1209 22.533395000 22.545180000   0.85503 -0.228945   -2.9744
1210 22.545180000 22.556008999  0.756047 -0.162117  -3.76918
1211 22.556009999 22.566183000   0.731024 -0.0951113   -4.37012
1212 22.566183000 22.575687000    0.76843 -0.0999578   -4.94268
1213 22.575687999 22.584801999  0.770199 -0.212594  -5.23335
1214 22.584801999 22.593482000  0.809185 -0.355197  -5.46248
1215 22.593482000 22.601935000  0.822091 -0.430094  -5.72466
1216 22.601935000 22.610213000  0.800361 -0.415487  -5.91394
1217 22.610213000 22.618305999  0.772466 -0.457516  -6.10875
1218 22.618307000 22.626191999  0.844678 -0.394912  -6.31978
1219 22.626191999 22.633798000  0.920223 -0.530523  -6.43133
1220 22.633798999 22.641043999  1.01513 -0.51834 -6.79709
1221 22.641045000 22.648234999   1.16357 -0.458673  -7.18123
1222 22.648234999 22.655163000   1.16936 -0.442605  -7.51688
1223 22.655163000 22.661955000   1.35781 -0.434394    -7.631
1224 22.661955000 22.668600000    1.4314 -0.476827  -7.81864
1225 22.668600000 22.675175999   1.52854 -0.455401  -7.90363
1226 22.675175999 22.681668000  1.51913 -0.41905 -8.29859
