1 0.000000000 0.410072000 -0.0130824 -0.0233453  0.0213977
2 0.410079999 0.498503999 -0.0103597  -0.162947 -0.0394749
3 0.498508999 0.547016000 0.00291701  -0.250397 -0.0939335
4 0.547016999 0.580945000 0.0198139 -0.375453 -0.120078
5 0.580945000 0.605931000  0.120061 -0.500803 -0.174982
6 0.605932000 0.632055000 0.0541808 -0.505998 -0.138551
7 0.632055000 0.656690000 0.00985314  -0.593496 -0.0686243
8 0.656690000 0.678896000  0.0236534  -0.681346 -0.0840601
9 0.678896000 0.701260000  0.0381338  -0.682256 -0.0579014
10 0.701260000 0.727682999 -0.0202714  -0.576711 -0.0601754
11 0.727684000 0.751202999 -0.0559518  -0.686945 -0.0743284
12 0.751202999 0.773556999  0.0130509  -0.729782 -0.0104375
13 0.773556999 0.796667000 -0.00263821    -0.70832   0.0704643
14 0.796669000 0.822268000  -0.13782 -0.627023 0.0276438
15 0.822268999 0.847422999  -0.109868  -0.640638 -0.0791035
16 0.847423999 0.868257000   0.0355171     -0.8431 0.000327691
17 0.868257999 0.890006999 0.0484952 -0.819368  0.111931
18 0.890006999 0.917399000 -0.116058 -0.630544  0.130906
19 0.917399999 0.949805999  -0.187584  -0.503145 -0.0654858
20 0.949807000 0.980993000 -0.0373422  -0.579579 -0.0360196
21 0.980993000 1.011517999 -0.0311469  -0.620944  0.0168581
22 1.011519999 1.062232999 -0.157418 -0.297598 0.0126852
23 1.062240999 1.142356000 0.00222479  -0.213469  -0.087926
24 1.142361999 1.544447999  0.0130956 0.00070405  0.0140362
25 1.544448999 1.619746999    0.0101692     0.236765 -0.000990427
26 1.619750000 1.680945999 -0.000528398     0.253732     0.016241
27 1.680945999 1.717310999 -0.0456393   0.464838 -0.0312049
28 1.717312000 1.754475000 -0.00979654    0.448284  -0.0460788
29 1.754475999 1.782338999 -0.0623094   0.606621 -0.0450427
30 1.782340000 1.805994000 -0.0788744   0.721366 -0.0810922
31 1.805994000 1.830727000   0.00503013     0.679209 -0.000381512
32 1.830727999 1.854277999 0.0339853   0.69682 0.0134169
33 1.854279000 1.874951999  0.014723  0.797681 0.0636597
34 1.874953000 1.893794999 0.0119387  0.898735 0.0735284
35 1.893794999 1.912426999 -0.0235438   0.872518  0.0839679
36 1.912427999 1.931182000 -0.0011993    0.85382  0.0773829
37 1.931182999 1.950631000 -0.0082128    0.82236  0.0270818
38 1.950631000 1.969859999 -0.0192471   0.844382  0.0350276
39 1.969861000 1.987706000 -0.0464289   0.926506 -0.0122905
40 1.987706000 2.005160000  -0.0102925    0.956356 -0.00727733
41 2.005161000 2.025440000  0.0432872   0.765966 -0.0297884
42 2.025440999 2.048962999  0.0596267    0.63392 -0.0269863
43 2.048962999 2.071477999 0.00469906   0.667198   0.058164
44 2.071480000 2.092447000 -0.0230506   0.696133   0.112405
45 2.092447000 2.113073000 -0.0225873   0.705587   0.125751
46 2.113074000 2.133104000 -0.0541137   0.700008    0.11984
47 2.133104000 2.153215000 -0.0552216   0.705779  0.0716889
48 2.153215999 2.172289999 -0.0168349   0.780054  0.0183326
49 2.172289999 2.192437000 0.00801385   0.703514 -0.0718996
50 2.192438999 2.213280000 0.00255879    0.67309  -0.134176
51 2.213280000 2.232043999 -0.0223774   0.732062  -0.116473
52 2.232043999 2.250743000 -0.0344957   0.739676  -0.085807
53 2.250743000 2.271497000 0.00328707   0.659037  -0.102051
54 2.271497000 2.291528999 -0.0178936   0.648635  0.0176036
55 2.291528999 2.308717999 -0.0353692   0.778769   0.163184
56 2.308717999 2.324233999 -0.0915942   0.851551   0.228198
57 2.324235000 2.339943999 -0.137565  0.807119  0.237332
58 2.339943999 2.354650000 -0.162114  0.855262  0.304025
59 2.354650000 2.368872000 -0.182028   0.88041  0.309485
60 2.368872000 2.384573999 -0.078605  0.787122  0.385519
61 2.384573999 2.402254000 0.0294447  0.715239  0.205766
62 2.402254000 2.420620999 0.0757988   0.69057  0.179678
63 2.420622000 2.438146999 0.0257519  0.735323 0.0620196
64 2.438148000 2.454512999 0.0165895  0.797705 0.0729467
65 2.454514000 2.470911000 0.0712144  0.823107 0.0442268
66 2.470913000 2.489377999   0.203394   0.677153 -0.0381343
67 2.489381999 2.510311999  0.172273  0.607102 -0.305276
68 2.510313000 2.533598999 0.0998925  0.554662 -0.391456
69 2.533600000 2.557825999 0.0433149  0.514189 -0.134799
70 2.557827000 2.584149000 -0.00108138    0.466168 0.000101265
71 2.584150000 2.612388999 -0.0630739   0.410218   0.102749
72 2.612388999 2.640203999 -0.0945251   0.395895   0.140298
73 2.640203999 2.680492999 -0.0490537   0.260926  0.0134846
74 2.680492999 2.787460000 -0.000579864    0.0144123  -0.00519093
75 2.787460000 2.844576000 -0.016213 -0.227312 0.0253488
76 2.844576000 2.890975999 -0.0159442  -0.234833  -0.153491
77 2.890977999 2.924460000  0.0156486  -0.355841 -0.0451241
78 2.924463999 2.959570999 -0.0550314  -0.342536   0.101887
79 2.959572999 2.999559999 -0.116881 -0.275374  0.109568
80 2.999559999 3.030621000  -0.0222202   -0.390367 -0.00542847
81 3.030621000 3.065966000 -0.00792758   -0.326508   0.0630585
82 3.065971000 3.104246000 -0.0639034  -0.306932  0.0139798
83 3.104246999 3.142194000 0.000758571   -0.297508  -0.0531903
84 3.142194000 3.181201000 -0.0279936  -0.286142 -0.0247154
85 3.181201999 3.214125000 -0.0987099  -0.351378  0.0597155
86 3.214125000 3.247511000 -0.0664152  -0.345921   0.086413
87 3.247513999 3.281227000 -0.0306984  -0.345691 -0.0527761
88 3.281229000 3.308444000  0.0252533  -0.447286 -0.0312445
89 3.308444999 3.332811000   0.0125451   -0.513923 -0.00017117
90 3.332811999 3.358970000 -0.0600356  -0.467284  0.0771745
91 3.358974000 3.380381999 0.0275921 -0.607363  0.131523
92 3.380384999 3.397537000   0.10356 -0.772467   0.14838
93 3.397537999 3.415172000 0.0700966 -0.739467  0.141693
94 3.415172000 3.435542999 0.0178916 -0.634506 0.0594976
95 3.435542999 3.456638000 0.00955687  -0.621451 -0.0092914
96 3.456638000 3.476922000  0.0275875  -0.642892 -0.0124974
97 3.476923000 3.495057999 0.0383603 -0.753786 0.0433104
98 3.495057999 3.512504000 0.0507646 -0.805871 0.0719568
99 3.512504000 3.531709999 -0.0116358  -0.727647  0.0226303
100 3.531709999 3.553545000 -0.0982366  -0.634287 -0.0398162
101 3.553545000 3.574342999 -0.0220041  -0.678846  -0.052904
102 3.574342999 3.592647999  0.0415566  -0.804603 -0.0443048
103 3.592649000 3.612088000 -0.000722695    -0.774003   -0.0141022
104 3.612089000 3.635900999 -0.0916952  -0.617701 -0.0603468
105 3.635902000 3.660694999 -0.0635997  -0.588795 -0.0118523
106 3.660694999 3.684246000 -0.0388898  -0.638525 -0.0137046
107 3.684246999 3.708893999 -0.0445616  -0.590617 -0.0551936
108 3.708893999 3.732334000  0.0310791  -0.625672 -0.0543006
109 3.732334999 3.762265000 0.0274102 -0.452447 -0.069559
110 3.762265000 3.796800999 -0.0404129   -0.41703 -0.0610592
111 3.796800999 3.822942000 0.0840332 -0.586095  0.102131
112 3.822942000 3.854353999 0.0446238  -0.45567  0.156005
113 3.854353999 3.887203000 -0.021785 -0.464371  0.100682
114 3.887203999 3.911548000 -0.0158731  -0.637902  0.0365592
115 3.911548999 3.935042000 -0.0790875  -0.688408 -0.0966836
116 3.935042999 3.963116000 -0.113887 -0.544319 -0.152614
117 3.963116999 3.993295000 -0.116568 -0.491038 -0.230758
118 3.993297000 4.020337000 -0.0663181  -0.599143  -0.164388
119 4.020339000 4.047485000 0.0406484  -0.60268  -0.09139
120 4.047485000 4.078208000   0.109817  -0.503164 -0.0743106
121 4.078209000 4.113266000   0.036171  -0.455932 -0.0838889
122 4.113266999 4.167713999 -0.00132071   -0.302954   0.0211621
123 4.167713999 4.219887999 0.0608227 -0.328711 0.0870074
124 4.219888999 4.263732999  0.0465922  -0.395722 -0.0014916
125 4.263736000 4.335633000 -0.0755034  -0.210097  0.0135426
126 4.335636999 4.495144000   0.0102064 0.000939769  -0.0399557
127 4.495149999 4.578562999 -0.0231292   0.203564 -0.0504189
128 4.578562999 4.649080999 0.0347154  0.235879 -0.117706
129 4.649080999 4.689661999  0.0296344   0.428578 -0.0203954
130 4.689663000 4.725933999 0.0363304  0.457511 0.0244345
131 4.725933999 4.760439000  0.0127226   0.484141 -0.0458424
132 4.760440999 4.793194000 -0.0126549   0.502137  -0.134771
133 4.793194999 4.819711999 -0.0859035   0.619167  -0.294214
134 4.819711999 4.843497999 -0.102692  0.704832 -0.329485
135 4.843499000 4.866553999 -0.000381767     0.715198    -0.224761
136 4.866553999 4.891960999 0.00528607    0.62308 -0.0735513
137 4.891960999 4.915866999 0.00359348    0.64741   0.104453
138 4.915868000 4.938443000 -0.0643003   0.590598   0.378718
139 4.938443999 4.959755000 -0.0481247   0.662754   0.444713
140 4.959755000 4.979470999 -0.0635094   0.735323   0.383708
141 4.979470999 4.998533000 -0.0690957   0.762266   0.360795
142 4.998533000 5.017674000 -0.0313098   0.803745   0.293871
143 5.017674999 5.038801000 0.026869 0.702833 0.256691
144 5.038801999 5.060020999 0.00123952   0.670613   0.216349
145 5.060020999 5.080428999 -0.0417364   0.695674   0.140205
146 5.080428999 5.100869000  -0.070339   0.726423 -0.0681173
147 5.100869000 5.121423000 -0.0139106   0.747421  -0.195496
148 5.121424000 5.143573000 0.0284157  0.684263 -0.150065
149 5.143573000 5.164449000 -0.0113577   0.697309 -0.0883264
150 5.164449000 5.183563000  -0.0529757    0.762383 -0.00913659
151 5.183563999 5.203733999 -0.0301496   0.687733 -0.0682894
152 5.203735000 5.225624000 0.0508791  0.629772 -0.042727
153 5.225624000 5.246473999  0.0238018   0.651173 -0.0242757
154 5.246474999 5.266333999  0.0145745   0.680702 -0.0752543
155 5.266333999 5.286548999  0.0513432   0.668062 -0.0938707
156 5.286548999 5.309082000  0.0428183   0.587383 -0.0282864
157 5.309083000 5.332391999  -0.0111755    0.555377 -0.00426076
158 5.332393000 5.353019000 -0.0669367   0.606479 0.00997295
159 5.353019999 5.372150999 -0.0537401   0.676628  -0.118071
160 5.372152999 5.391466999 0.0372935  0.694331 -0.204833
161 5.391468000 5.410858000  0.128517  0.687798 -0.133892
162 5.410858000 5.431553000  0.0322289    0.61728 -0.0815103
163 5.431553999 5.451986999 -0.00504114    0.616848  -0.0438533
164 5.451986999 5.471993999 -0.00409694    0.616163  0.00472743
165 5.471993999 5.493478000 0.00620697   0.560431   0.101352
166 5.493478000 5.515906999 0.0123161  0.532588  0.130732
167 5.515906999 5.536081999 -0.008521  0.620224 0.0317539
168 5.536083999 5.557013000 -0.0602236    0.58149  -0.025597
169 5.557013000 5.578329000 -0.0736164   0.579429 -0.0659672
170 5.578329000 5.600313999 -0.0900502    0.53387  -0.094591
171 5.600313999 5.621932000 -0.0743529   0.575543  -0.122747
172 5.621932000 5.645285000  0.0375974   0.534734 -0.0520105
173 5.645285999 5.668102000  0.259112  0.507533 0.0486901
174 5.668102000 5.691732000   0.189382   0.516326 -0.0769709
175 5.691732000 5.715860999  0.131226  0.541641 -0.222136
176 5.715860999 5.738579000  0.254987  0.563514 -0.200555
177 5.738579000 5.761562999 0.238058 0.563548 -0.23142
178 5.761564999 5.787478000  0.193454  0.485286 -0.220099
179 5.787478000 5.816393000 0.158034 0.429869 0.068704
180 5.816393999 5.844664999 0.0995599  0.438051  0.183651
181 5.844665999 5.871962999    0.10633   0.495542 -0.0776267
182 5.871965000 5.899192000  0.166746  0.509527 -0.282262
183 5.899192000 5.939105999 0.0720983  0.320414 -0.131924
184 5.939107000 5.989284999  -0.0123629    0.254392 -0.00999171
185 5.989284999 6.054957999 0.0161612 -0.122685  0.271022
186 6.054960000 6.084511999 -0.125207 -0.512779  0.467979
187 6.084513000 6.107087999 -0.0585848  -0.668263   0.261854
188 6.107087999 6.129598000  -0.192377  -0.585314 -0.0204096
189 6.129598999 6.147685999 -0.343744 -0.740942 -0.130146
190 6.147685999 6.163208999 -0.349276 -0.946999 0.0208721
191 6.163210000 6.177097999 -0.285837  -1.14145  0.144162
192 6.177099000 6.190415000 -0.383072  -1.15642  0.170313
193 6.190415999 6.204305999 -0.432481  -1.02947  0.133933
194 6.204305999 6.218895999 -0.417298 -0.933962  0.175544
195 6.218895999 6.233319000 -0.220051  -1.02469   0.22837
196 6.233319999 6.247758999 -0.0952038   -1.02209   0.150969
197 6.247760000 6.262877000 -0.0374526  -0.932418 -0.0402205
198 6.262877999 6.277842000 -0.0330225   -0.91242  -0.150633
199 6.277842000 6.292197000 0.00219792  -0.932828  -0.145859
200 6.292197999 6.307428999 -0.00300114   -0.860043   -0.140109
201 6.307430000 6.323592000 -0.0422862  -0.825759 0.00801273
202 6.323592999 6.339032000   -0.136634   -0.910073 -0.00650292
203 6.339032999 6.354674000 -0.302375 -0.872256   0.11208
204 6.354674000 6.371117000 -0.268087 -0.807791  0.137093
205 6.371117999 6.388221000 -0.0372396  -0.844941   0.108495
206 6.388221999 6.404525000 0.0275638  -0.88043 0.0854666
207 6.404525000 6.421199000 -0.00521748   -0.825587    0.144584
208 6.421199999 6.442321999 -0.0891121  -0.629412 -0.0186385
209 6.442321999 6.465065999 -0.0461631  -0.566188 -0.0847536
210 6.465067000 6.484494999  0.0329035  -0.704335 -0.0241325
211 6.484494999 6.505488999  0.0100518  -0.626381 -0.0457958
212 6.505488999 6.532836000 -0.0707155  -0.455055 -0.0670958
213 6.532836999 6.567022000 0.0118375 -0.348464 -0.031068
214 6.567022000 6.591781999   0.157559  -0.473506 -0.0234191
215 6.591781999 6.620845999  0.022748 -0.432416 0.0502815
216 6.620847000 6.664978000 0.0559664 -0.276714 0.0746133
217 6.664978999 6.710550999   0.106352  -0.221752 -0.0311052
218 6.710550999 6.783140999  0.0742218  -0.128221 -0.0171687
219 6.783143000 6.897820999 0.0281962 -0.107992 0.0301309
220 6.897820999 6.943588999   0.243966 -0.0428626 -0.0213542
221 6.943589999 6.971520000   0.409533 -0.0308736 0.00267372
222 6.971521000 6.993750000   0.544119 0.00798545  0.0904968
223 6.993750000 7.014981000     0.58666 0.000619974   0.0724265
224 7.014981999 7.034609999   0.638456 0.00442986  0.0614409
225 7.034611000 7.052669000   0.724797 -0.0145519  0.0809389
226 7.052669000 7.069550999    0.789034 -0.00289604    0.104798
227 7.069550999 7.085640000  0.843856 0.0268929 0.0494124
228 7.085640000 7.101024000   0.895607  0.0526536 0.00887889
229 7.101024000 7.115526999  0.987648 0.0600244 0.0115016
230 7.115526999 7.129253000    1.0441 0.0599477 0.0591956
231 7.129253999 7.142805999    1.07516  0.0340931 -0.0467725
232 7.142805999 7.157062999   1.01411 0.0152833 0.0575268
233 7.157064000 7.172237999  0.929281  0.009712 0.0101929
234 7.172237999 7.187620999   0.939366 -0.0118042  0.0564184
235 7.187620999 7.202663000   0.986497 -0.0228888  0.0524593
236 7.202663000 7.217318999   1.04443 0.0529665  0.106735
237 7.217318999 7.232428000   1.06072 0.0717905 0.0409153
238 7.232428000 7.248862999  0.988069 0.0221463 0.0248094
239 7.248862999 7.266744000  0.893539 -0.065886 0.0588214
240 7.266744000 7.286208000   0.826232 -0.0349969    0.13533
241 7.286208999 7.306733000  0.799964 0.0687535  0.134167
242 7.306737000 7.327989000  0.775567 0.0809746 0.0861265
243 7.327990999 7.352167000  0.677385 0.0324127  0.121386
244 7.352167000 7.384006999  0.498148 0.0385971  0.224903
245 7.384006999 7.421801999  0.415018  0.132871 0.0870317
246 7.421801999 7.504613000  0.0175036  0.0259452 -0.0434189
247 7.504613999 7.540017999  -0.478739 -0.0310615 -0.0736485
248 7.540020000 7.585907000  -0.29611 -0.107143  0.112832
249 7.585907000 7.609394999  -0.680997 0.00346039 -0.0309349
250 7.609395999 7.632613000  -0.670176 0.00411666 -0.0670353
251 7.632613999 7.662113000  -0.474319 -0.0822123 -0.0293788
252 7.662117000 7.690081999   -0.508812  -0.0948736 -0.00218006
253 7.690083000 7.717782999    -0.50443  -0.0635315 -0.00543691
254 7.717782999 7.746573000   -0.46918 -0.0509898 -0.0335786
255 7.746573000 7.768129000  -0.665416 -0.0525866 -0.0665942
256 7.768129000 7.787290999   -0.741806  -0.0691989 -0.00728829
257 7.787293000 7.809184000   -0.605363  -0.0407986 -0.00967457
258 7.809184000 7.830114000  -0.615583 -0.0289699 -0.0167216
259 7.830114000 7.846168000  -0.871571 -0.0185152 -0.0105584
260 7.846168999 7.860258000  -0.973236  0.0129743 -0.0269947
261 7.860258000 7.874978000 -0.931448 0.0158336 0.0639785
262 7.874978000 7.891498999  -0.792449 -0.0428773   0.129491
263 7.891499999 7.908477000  -0.769849 -0.0368731  0.0520964
264 7.908477000 7.923278999  -0.953316   -0.11905 -0.0140842
265 7.923280999 7.936562999   -1.08086 -0.0503104  0.0284556
266 7.936562999 7.950030000    -1.06123 -0.00998954 -0.00660761
267 7.950030000 7.965133000  -0.899328 -0.0189208 -0.0329461
268 7.965134000 7.982759000  -0.739097 -0.0822598  -0.159375
269 7.982760000 7.999739000 -0.789879 -0.175239  -0.25867
270 7.999739000 8.015005000 -0.898225 -0.137935 -0.187664
271 8.015005000 8.029586999   -0.97069 -0.0271256  -0.164426
272 8.029586999 8.045480000  -0.837075 -0.0334857  -0.108218
273 8.045480000 8.062959999  -0.742778 -0.0569268 -0.0126387
274 8.062959999 8.079281000  -0.821455 -0.0779396   0.049085
275 8.079282000 8.093931000  -0.998333 -0.0984526   0.174765
276 8.093931000 8.108085000   -1.03669 -0.0893818   0.281553
277 8.108085000 8.123063999 -0.953077 0.0293372   0.28324
278 8.123063999 8.139369000 -0.804903 0.0776016  0.285722
279 8.139369000 8.155572999 -0.845255 0.0510928  0.255558
280 8.155574000 8.170315000  -0.978085 -0.0164588    0.24321
281 8.170315999 8.183805999   -1.09383 -0.0525464   0.297013
282 8.183807000 8.196879999   -1.15182 -0.0687134   0.210984
283 8.196879999 8.210035000   -1.15512 -0.0558527   0.142892
284 8.210036000 8.222903000    -1.2038 -0.0905482   0.171911
285 8.222903000 8.235763999  -1.19631 -0.109366 0.0764421
286 8.235763999 8.249052000   -1.12569 -0.0914057  0.0637118
287 8.249052999 8.262907999    -1.07537   -0.137107 -0.00777764
288 8.262907999 8.277401000  -1.02726 -0.102266 -0.126748
289 8.277401000 8.292589999   -0.96824 -0.0845046  -0.095386
290 8.292589999 8.308020000  -0.972088 -0.0916365  -0.105615
291 8.308020999 8.324447999  -0.913224 -0.0983568 -0.0323176
292 8.324449000 8.341966999  -0.856646 -0.0541366  0.0418394
293 8.341966999 8.360283999  -0.824798 -0.0331389 -0.0104499
294 8.360285000 8.379112000   -0.832976 -0.00256746   0.0389975
295 8.379112000 8.400899000 -0.676935  0.027706 0.0269436
296 8.400899000 8.436330000   -0.3639 0.0280329 0.0174444
297 8.436330000 8.463488000  -0.517796  0.0555985 0.00171875
298 8.463489000 8.485262000  -0.725079  0.0115201 -0.0209208
299 8.485262000 8.508639000  -0.659448  0.0157317 -0.0403171
300 8.508639999 8.544513999  -0.399664  0.0279307 -0.0902118
301 8.544520000 8.574837999   -0.513029 -0.00644477   -0.081005
302 8.574837999 8.600177999  -0.654733 -0.0189433 -0.0260987
303 8.600177999 8.639764999  -0.384483 -0.0194863 0.00567841
304 8.639774999 8.754450999  0.0489539  -0.051511 -0.0174485
305 8.754451999 8.781287000    0.622264 -0.00288469  -0.0031236
306 8.781287999 8.805777999     0.6726  0.0034232 -0.0111738
307 8.805779000 8.826239000    0.829194 -0.00153105  -0.0724228
308 8.826240999 8.843245999   1.03859 0.0178919 -0.100514
309 8.843247000 8.858298000     1.21365 -0.00408553   -0.066471
310 8.858298000 8.872544000   1.28153 0.0101039 -0.166214
311 8.872544000 8.886518999    1.29765 -0.0171055  -0.190015
312 8.886518999 8.900263999   1.26383  -0.01098 -0.184695
313 8.900263999 8.913604999    1.30483 -0.0192939 -0.0936858
314 8.913604999 8.926172000    1.38039 -0.0518137 -0.0699918
315 8.926172000 8.938213000    1.43469 -0.0157964 -0.0236827
316 8.938213000 8.949793999     1.44808  -0.0506527 -0.00871674
317 8.949793999 8.961224000     1.4347 -0.0726483  0.0310724
318 8.961224000 8.972796999    1.42988 -0.0293829  0.0446826
319 8.972796999 8.984636999   1.36458 0.0273295 0.0617158
320 8.984636999 8.996896999   1.32462 0.0328747 0.0493589
321 8.996898000 9.009662000   1.26577 0.0677813   0.15682
322 9.009662000 9.022643999   1.23955 0.0781345 0.0905801
323 9.022643999 9.035610999   1.22844 0.0725528 0.0718525
324 9.035610999 9.048423999   1.23181 0.0988425  0.159278
325 9.048423999 9.060974000   1.27915 0.0596387  0.171019
326 9.060974000 9.073233999  1.29756 -0.01612 0.194314
327 9.073233999 9.085073000    1.36052 -0.0121193   0.149424
328 9.085073000 9.096887999    1.39847 0.00729715   0.134304
329 9.096887999 9.108786000   1.36072 0.0361041  0.108559
330 9.108786000 9.121156999    1.2465 0.0332881 0.0769838
331 9.121156999 9.133968999   1.16808 0.0136289 0.0995455
332 9.133970000 9.146961000    1.18049 -0.0060345   0.115518
333 9.146961000 9.159787000    1.15882 -0.0200635  0.0575385
334 9.159787000 9.172838999    1.14653 0.00598574  0.0450063
335 9.172839999 9.185785000   1.16622  0.047343 0.0416666
336 9.185785999 9.198157999   1.26323 0.0736028 0.0228696
337 9.198158999 9.210216999    1.31744  0.0183237 -0.0530304
338 9.210216999 9.222087000     1.3554 -0.0441707 -0.0114791
339 9.222087999 9.234166000    1.32069 -0.0598217 -0.0311255
340 9.234166999 9.247171000    1.16063 -0.0742314  0.0234863
341 9.247171000 9.261998000   0.991675  0.0299384 -0.0433587
342 9.261998000 9.277225000   0.968627  0.0947677 -0.0272062
343 9.277225000 9.292768999  0.962419  0.119705 0.0186977
344 9.292769999 9.308109000  0.995588 0.0930287 0.0566409
345 9.308109000 9.323756999   1.00399 0.0329855  0.056222
346 9.323758000 9.340022000  0.986357 0.0141252  0.105055
347 9.340023999 9.356827999   0.978154  0.0749335 -0.0412931
348 9.356831999 9.373809000   0.990142  0.0674945 -0.0745872
349 9.373810999 9.390658999   1.03235 0.0392942 0.0254432
350 9.390659999 9.407873999    1.02075 0.00267307 -0.0213334
351 9.407874999 9.426326999    0.951358 -0.00151202  -0.0465493
352 9.426326999 9.446070999   0.921323  0.0590065 -0.0636284
353 9.446070999 9.467664999   0.846226  0.0294254 -0.0357084
354 9.467666000 9.491314999    0.79355  0.0124254 -0.0471921
355 9.491314999 9.516224000    0.77563   0.033621 -0.0513413
356 9.516224000 9.542488000   0.753657  0.0355572 -0.0830625
357 9.542488000 9.581255000   0.467686  0.0413287 0.00455085
358 9.581256999 9.629253999    0.373477 -0.00878075   0.0489314
359 9.629256000 9.699364999  0.0940276 0.00763114  -0.121984
360 9.699367000 9.726688999  -0.817719 0.00787998 -0.0927853
361 9.726688999 9.750396000  -0.852693  0.0342943 -0.0262611
362 9.750396000 9.775134000 -0.760041 0.0330983 0.0276573
363 9.775134000 9.791545999   -1.30308  0.0707733 -0.0254125
364 9.791547000 9.803665999   -1.92255   0.148503 -0.0850422
365 9.803665999 9.814176999  -2.21682  0.146035 -0.210646
366 9.814176999 9.824540999 -2.11719 0.135447 -0.18721
367 9.824540999 9.835323999  -1.91424  0.102933 -0.162419
368 9.835323999 9.846888999  -1.66162  0.104068 -0.192586
369 9.846890000 9.859415999  -1.3927 0.114398 -0.16677
370 9.859415999 9.872842000   -1.2177 0.0921589 -0.105659
371 9.872842999 9.886224000  -1.20368 0.0318308 -0.228365
372 9.886224000 9.899357000   -1.19056 -0.0061195   -0.35282
373 9.899357000 9.911610999     -1.26339 -0.000298815     -0.25142
374 9.911610999 9.922596000  -1.46226 0.0192005 -0.146379
375 9.922596000 9.932563999  -1.67514 0.0420005 -0.157224
376 9.932563999 9.941880000    -1.8212 0.00144993    -0.1441
377 9.941880000 9.951120999  -1.82556 0.0298886 -0.053304
378 9.951120999 9.960287000   -1.88417 -0.0318037  0.0100015
379 9.960287000 9.969724999   -1.77743 -0.0670569 -0.0736866
380 9.969724999 9.979459999   -1.69765 -0.0822972 -0.0114274
381 9.979460999 9.989182999    -1.61507  -0.0746343 -0.00392019
382 9.989184000 9.998858000   -1.67137 -0.0557581  -0.119468
383 9.998858999 10.007975000  -1.80309 -0.144415 0.0252462
384 10.007975000 10.016847999   -1.9264 -0.117245 -0.171173
385 10.016847999 10.025757999  -1.96556 -0.114842 -0.170262
386 10.025757999 10.034698000    -1.92484   -0.155514 -0.00487591
387 10.034698000 10.044094000   -1.82186  -0.177084 -0.0145069
388 10.044095000 10.053901999   -1.71823  -0.115126 -0.0148295
389 10.053901999 10.064154000  -1.56986 -0.110834  0.104763
390 10.064154000 10.074784000  -1.48345 -0.069399  0.167626
391 10.074784000 10.085316999   -1.5007 -0.123186  0.261349
392 10.085316999 10.095812999  -1.55993 -0.172687  0.235673
393 10.095813999 10.106530999  -1.54425 -0.212765   0.22226
394 10.106530999 10.117557000  -1.45538 -0.212548  0.124553
395 10.117557000 10.129132999  -1.31196 -0.335677  0.279502
396 10.129136999 10.141674000  -1.19272 -0.247876  0.145118
397 10.141674999 10.155706999 -0.987647 -0.157411  0.223765
398 10.155707999 10.170506999  -0.929378 -0.0669027   0.145572
399 10.170506999 10.186020999  -0.905394 -0.0877761   0.227044
400 10.186022000 10.200925000   -1.00541 -0.0619528  0.0567488
401 10.200925000 10.215679000  -1.06149 -0.104152 0.0090122
402 10.215680000 10.231036999    -1.0101  -0.144859 -0.0356147
403 10.231036999 10.247772000  -0.920825 -0.0744577 -0.0846445
404 10.247772000 10.264912999  -0.908981 -0.0635016 -0.0535593
405 10.264915000 10.280689999   -1.04907 -0.0718964 -0.0997948
406 10.280690999 10.296221999    -1.0987 -0.0591737  -0.104465
407 10.296223000 10.314165999  -0.919389 -0.0358503  -0.105549
408 10.314165999 10.339837999   -0.566972 -0.00426922  -0.0612134
409 10.339839000 10.363093999  -0.687747 -0.0106601 -0.0925919
410 10.363095000 10.382826000  -0.872325 -0.0370442 -0.0999179
411 10.382826000 10.417070000 -0.426775 0.0055246 0.0149371
412 10.417070000 10.509357000 -0.0593964  0.0164662  0.0698073
413 10.509358000 10.552493999  0.377948 -0.010654 0.0960055
414 10.552493999 10.580664999  0.558514 0.0141907  0.127349
415 10.580667000 10.597761999    1.04405 -0.0724237  0.0601701
416 10.597761999 10.611989000   1.32359 -0.101267 0.0844501
417 10.611989000 10.625019000    1.45377 -0.0374485   0.109588
418 10.625019999 10.637409000   1.52736 0.0305601  0.129696
419 10.637409000 10.649275999    1.59188 0.00672095   0.103119
420 10.649275999 10.660613000    1.65153 -0.0436735 0.00894674
421 10.660613000 10.671514999    1.71192 -0.0568966 -0.0151028
422 10.671514999 10.682069999    1.72572 -0.0683987  -0.162723
423 10.682070999 10.692542999    1.68626 -0.0778012  -0.149598
424 10.692542999 10.702854999   1.69931 0.0614453 -0.280716
425 10.702854999 10.713175999   1.67524  0.128131 -0.299172
426 10.713175999 10.723702999  1.65828 0.196427 -0.31113
427 10.723707000 10.734504000   1.57151  0.140496 -0.232291
428 10.734504000 10.745759999   1.49241  0.187086 -0.187334
429 10.745761000 10.757723000   1.32998  0.136732 -0.104292
430 10.757723999 10.770497000   1.20529  0.063203 0.0732465
431 10.770497000 10.783582000    1.17677 -0.0320035   0.223894
432 10.783582000 10.796193999   1.24415 -0.062928  0.148091
433 10.796193999 10.808677999    1.29403 -0.0423113   0.239053
434 10.808677999 10.821720000   1.20748 0.0340722  0.102008
435 10.821720000 10.836304000    1.0307  0.160493 0.0494099
436 10.836304999 10.853079000   0.813368   0.131537 -0.0374817
437 10.853080000 10.870900000   0.754893  0.0228787 -0.0517078
438 10.870900000 10.889652000   0.702179 -0.0290102  0.0374721
439 10.889653000 10.913286999    0.518181    0.106835 -0.00881578
440 10.913286999 10.944625000   0.354021   0.168003 -0.0997839
441 10.944625000 11.112889999  0.0322746 0.00193973 -0.0282536
442 11.112903999 11.197483000 -0.00173139   0.0432128   -0.390881
443 11.197483999 11.237681999 -0.00585505   -0.115877   -0.672541
444 11.237682999 11.267103999 0.0285101 -0.150812 -0.936752
445 11.267103999 11.295034000 -0.00661981   0.0155802    -1.16096
446 11.295034000 11.322943999 -0.158032 0.0945472  -1.23858
447 11.322944999 11.352789000 -0.144379 0.0412411  -1.11911
448 11.352790000 11.382031000 -0.123431 0.0703884  -1.13252
449 11.382031000 11.408989999 -0.0275398   0.156426   -1.26402
450 11.408992000 11.434136000 0.0668182 0.0540321  -1.32908
451 11.434136999 11.459878999  0.0904107 -0.0415908   -1.27893
452 11.459878999 11.487239000 0.0368331 -0.131142  -1.17478
453 11.487239999 11.514420000 -0.00579343   -0.180279    -1.15834
454 11.514420000 11.539530999 -0.0598141  -0.265332   -1.25091
455 11.539530999 11.564624000 -0.0508577  -0.224217    -1.2627
456 11.564624000 11.590167000 0.00521699  -0.106138   -1.36642
457 11.590168000 11.614671000 0.118895 -0.24355 -1.30179
458 11.614672999 11.639339999  0.103919 -0.435018  -1.03751
459 11.639339999 11.665359999 -0.0709128  -0.417046   -1.01857
460 11.665360999 11.692480999 -0.146228 -0.285928   -1.2239
461 11.692482000 11.717681000   0.13249 -0.233669  -1.36785
462 11.717681999 11.740870000  0.288867 -0.266752  -1.40443
463 11.740871000 11.765936999 0.213236   -0.258 -1.37781
464 11.765936999 11.795212999 0.168565 -0.18263 -1.17682
465 11.795216999 11.824713999  0.271416 -0.277581 -0.972289
466 11.824713999 11.854805999  0.308936 -0.299939 -0.873487
467 11.854806999 11.895764999  0.165995 -0.096985 -0.848124
468 11.895773000 11.991431000  0.101722 -0.048811 -0.232638
469 11.991432999 12.067835000 0.0186806 0.0323863  0.604399
470 12.067835000 12.105831000 -0.0521611   0.118343    1.03704
471 12.105831000 12.136784999 -0.05742 0.023976  1.34559
472 12.136784999 12.162242000 -0.154615 0.0485095   1.59058
473 12.162242000 12.185799999 -0.318308  0.154003   1.51389
474 12.185801000 12.209287999 -0.281352   0.12235   1.53112
475 12.209289000 12.232352000   -0.1773 0.0547276   1.67804
476 12.232352999 12.254091999 -0.218144     0.144   1.66231
477 12.254093000 12.274782999 -0.315608  0.206844    1.6052
478 12.274783999 12.294358999 -0.289343  0.147312   1.73494
479 12.294360000 12.312579999 -0.257797  0.101883   1.94996
480 12.312579999 12.329513999 -0.329949  0.174343   2.07898
481 12.329514999 12.346026999 -0.389558  0.206222   1.97778
482 12.346026999 12.362269000 -0.361539  0.185385   1.99705
483 12.362269000 12.378579000 -0.267184  0.112881   2.15782
484 12.378579000 12.393953999 -0.211935  0.173782   2.35749
485 12.393953999 12.408807999 -0.213485   0.29784   2.38891
486 12.408807999 12.423551999 -0.288835  0.300455   2.23922
487 12.423551999 12.438777000 -0.33029 0.214232  2.13249
488 12.438778000 12.454205000 -0.316473  0.135696   2.12029
489 12.454205000 12.469648999 -0.291091  0.104888   2.21958
490 12.469648999 12.484661999 -0.33608 0.131979  2.22286
491 12.484663000 12.499639999 -0.357847   0.25597   2.13126
492 12.499639999 12.514915000 -0.415601  0.237565   2.03321
493 12.514915999 12.531117999 -0.381327  0.145231   1.95695
494 12.531117999 12.548122999  -0.280931 -0.0158434    2.03428
495 12.548122999 12.564268999 -0.207142 0.0391328   2.28143
496 12.564268999 12.579513000 -0.196042  0.124829   2.38863
497 12.579513999 12.594139000 -0.244068  0.195563   2.36248
498 12.594142000 12.608848999 -0.267936   0.29947   2.18361
499 12.608849999 12.624522999 -0.186132  0.254372   1.99638
500 12.624524000 12.641294999 -0.129138 0.0867389   2.00989
501 12.641294999 12.657763999 -0.021143  0.160428   2.06805
502 12.657763999 12.673150999 0.00255905   0.266427    2.17086
503 12.673150999 12.688249000 0.0320274  0.350314   2.07346
504 12.688249000 12.702809000 0.0242362   0.37117   2.15484
505 12.702809000 12.717681999 -0.0333831   0.389766    2.00721
506 12.717681999 12.732742999 -0.0260106   0.391519    1.90669
507 12.732743999 12.748541999 0.103875 0.384723  1.79023
508 12.748543000 12.764901000 0.313922 0.369199  1.72672
509 12.764901000 12.781690000 0.359713 0.356303  1.69328
510 12.781691000 12.798726999 0.261109 0.400753  1.59994
511 12.798726999 12.816272000 0.0501718  0.379813   1.46448
512 12.816272000 12.839598000 0.0396769  0.179781   1.11492
513 12.839598000 12.867541000 -0.064996  -0.01845   1.15527
514 12.867541999 12.888713999 -0.350093 0.0890056   1.36731
515 12.888713999 12.908935999   -0.401 0.139818  1.33667
516 12.908937000 12.933174000 -0.273735 0.0700349   1.13587
517 12.933175000 12.961208000  -0.318082 0.00971833   0.926968
518 12.961208000 12.997803000   -0.25067 -0.0164194   0.684344
519 12.997803000 13.049565000  0.0484121 -0.0222749  -0.403813
520 13.049566000 13.071492999   0.259576 -0.0420139   -1.50864
521 13.071492999 13.088468000    0.28751 -0.0465597    -2.1407
522 13.088468000 13.102882000  0.422196 -0.192804  -2.39543
523 13.102883000 13.116307000  0.492757 -0.314211  -2.45518
524 13.116307000 13.129782000  0.496807 -0.307854  -2.35773
525 13.129782000 13.144032999  0.414841 -0.235253  -2.23998
526 13.144034000 13.158965999  0.350848 -0.226486  -2.20248
527 13.158965999 13.173381000  0.351262 -0.275278  -2.15308
528 13.173381000 13.187295999  0.341732 -0.362464  -2.12383
529 13.187295999 13.201603999 0.322818 -0.41617 -1.84943
530 13.201603999 13.217079999  0.253448 -0.411081  -1.67743
531 13.217079999 13.234311000  0.154659 -0.322842  -1.54999
532 13.234312000 13.251427999  0.116439 -0.241603  -1.75338
533 13.251429000 13.267106000  0.189054 -0.251407  -1.96867
534 13.267106000 13.281903999  0.323276 -0.246076  -2.09237
535 13.281903999 13.296293999  0.449232 -0.148442  -2.20559
536 13.296293999 13.310667000  0.439418 -0.167709  -2.13716
537 13.310667000 13.324767000  0.350664 -0.149375  -2.40525
538 13.324768000 13.338778000  0.273979 -0.162987  -2.43293
539 13.338778000 13.352461000  0.194684 -0.164723  -2.65005
540 13.352461000 13.365826999   0.23897 -0.169819  -2.71261
541 13.365826999 13.379374999  0.224678 -0.186294  -2.66923
542 13.379374999 13.393230999 0.197984 -0.24164 -2.50381
543 13.393230999 13.407872000  0.147755 -0.212315  -2.35816
544 13.407872000 13.423654999 0.0376253  -0.21995  -2.26543
545 13.423656000 13.439538000 0.0176504 -0.192711   -2.3035
546 13.439538999 13.454695000  0.130252 -0.240727  -2.31032
547 13.454695000 13.469602999  0.177381 -0.319871  -2.26587
548 13.469602999 13.484678999  0.325929 -0.270096  -2.15015
549 13.484679999 13.500264000  0.351618 -0.236191  -2.05624
550 13.500264000 13.516270999  0.309502 -0.175877  -2.10277
551 13.516271999 13.532365000  0.247044 -0.104249  -2.21074
552 13.532365000 13.548166999  0.237026 -0.105985   -2.3227
553 13.548166999 13.563218999  0.326782 -0.123932  -2.40005
554 13.563218999 13.578422999  0.435355 -0.120642  -2.36809
555 13.578422999 13.593928000  0.535341 -0.066206  -2.21074
556 13.593928000 13.609855999  0.442851 0.0467342  -2.30822
557 13.609855999 13.626146999  0.32154 0.130876 -2.37908
558 13.626146999 13.641976999  0.286109 0.0486466  -2.59829
559 13.641976999 13.657966000    0.360836 -0.00731704    -2.58523
560 13.657966000 13.674736999  0.435565 0.0831481  -2.35568
561 13.674736999 13.693274999  0.425589 0.0661985  -2.10161
562 13.693274999 13.713983000  0.349464 0.0565068   -1.8456
563 13.713985000 13.736087000 0.315846 0.104033  -1.7854
564 13.736088000 13.757554000 0.370575 0.132405 -1.83309
565 13.757554000 13.777142000  0.513604 0.0225607  -2.01984
566 13.777142000 13.795865000   0.610158 -0.0420527    -2.1205
567 13.795865999 13.815160999   0.613964 -0.0198732   -1.96691
568 13.815161999 13.835969000  0.467076 0.0661749  -1.94686
569 13.835969999 13.858466999 0.316299 0.111842 -1.88099
570 13.858468000 13.883794000  0.315792 0.0940001  -1.57446
571 13.883794000 13.911236999   0.287735 -0.0618946   -1.40991
572 13.911237999 13.945511999  0.198703 -0.117714  -1.08945
573 13.945511999 13.986156000 -0.0137365  0.0119532   -1.02737
574 13.986157999 14.107989999  0.0315472 -0.0487609 0.00947187
575 14.107989999 14.139123000 -0.166697 -0.237052    1.3479
576 14.139124000 14.160257000  -0.18084 -0.287792   2.17768
577 14.160257000 14.178312000 -0.171063   -0.2994   2.70725
578 14.178312999 14.195479999 -0.256063 -0.247049   2.90555
579 14.195479999 14.212303000 -0.357046 -0.188877    2.9575
580 14.212303999 14.228850000 -0.367712 -0.222028   2.98843
581 14.228851000 14.244687999 -0.276583 -0.224562   3.17453
582 14.244687999 14.259935000 -0.227368 -0.168547   3.38973
583 14.259935999 14.274637000 -0.302706 -0.052838   3.42607
584 14.274637999 14.289115999 -0.427404 0.0175237   3.33215
585 14.289116999 14.303479999 -0.44195 0.046579  3.28536
586 14.303481000 14.317884999 -0.508914 0.0870715   3.04927
587 14.317886000 14.332313999 -0.496803  0.163334   2.85589
588 14.332313999 14.347287000 -0.46367 0.214969  2.59442
589 14.347288000 14.362817999 -0.314041  0.224484   2.44521
590 14.362819000 14.378995999 -0.17419 0.236894  2.38918
591 14.378995999 14.395006000 -0.0589763    0.31308    2.33835
592 14.395006000 14.410911000 -0.0440741   0.322405    2.32822
593 14.410911000 14.426786999 -0.112297  0.295931   2.22516
594 14.426786999 14.442635000 -0.0868461   0.141073    2.39225
595 14.442635000 14.458263000 -0.0579762   0.063149      2.484
596 14.458263000 14.473314000 0.0018368  0.108149   2.60845
597 14.473314000 14.488017999 -0.0661014  0.0805605    2.59529
598 14.488017999 14.502770000 -0.148211 0.0622746   2.58023
599 14.502770000 14.517597999  -0.116426 0.00719132    2.57127
600 14.517598999 14.532002999  0.0608983 -0.0552882    2.72908
601 14.532002999 14.545757000   0.156571 -0.0219809    2.90338
602 14.545757999 14.558977000 0.133787 0.172124   2.9856
603 14.558977999 14.572048999 0.00335102   0.217204     2.9214
604 14.572048999 14.586165000 -0.117749  0.167816   2.69359
605 14.586166000 14.601298999 -0.150923 0.0123523   2.41463
606 14.601300000 14.616238999 -0.127536 -0.100954   2.58132
607 14.616238999 14.630028999  -0.197509 -0.0858457    2.93217
608 14.630028999 14.642324000 -0.309289 0.0306477   3.30138
609 14.642324999 14.654152999 -0.417531  0.191531   3.30139
610 14.654152999 14.666140000 -0.401114   0.30593   3.15795
611 14.666140000 14.678869000 -0.296009  0.303351   2.76551
612 14.678869999 14.692897000 -0.198355  0.215565   2.48248
613 14.692897000 14.708712000 0.00458355   0.054518    2.35738
614 14.708712000 14.724538000 0.00257648   0.052003    2.41798
615 14.724538000 14.740111999 -0.111209  0.273663   2.14155
616 14.740111999 14.755980000 -0.264922  0.324295    1.8012
617 14.755980000 14.773189999 -0.175263   0.34737   1.60815
618 14.773190999 14.791600999 -0.0865414   0.319818    1.52141
619 14.791602000 14.811524999 -0.113476  0.349842   1.17085
620 14.811524999 14.838167999 -0.288073  0.221767  0.549444
621 14.838167999 14.870935999 -0.219274  0.165576   0.47482
622 14.870937000 14.925513000 0.0350058  0.161512 -0.266081
623 14.925513000 14.958867000  0.187556  0.141583 -0.991571
624 14.958871000 14.981314000 0.135712 0.162232 -1.63741
625 14.981314000 14.998284000  0.234119 0.0682826  -2.19715
626 14.998284000 15.012393999   0.375513 -0.0217784   -2.64869
627 15.012393999 15.025364999   0.465759 -0.0540868   -2.99656
628 15.025364999 15.037449000   0.416083 -0.0652641   -3.26441
629 15.037449000 15.049075000   0.461969 -0.0816668   -3.42067
630 15.049075000 15.060571999   0.406997 -0.0853359   -3.44049
631 15.060573000 15.072244000   0.269688 -0.0947613   -3.47096
632 15.072244000 15.083833000   0.245862 -0.0817012   -3.45357
633 15.083833000 15.095393000  0.211427 -0.066527  -3.50596
634 15.095393000 15.106993000   0.307821 -0.0573396   -3.47424
635 15.106993000 15.118355000  0.489336 -0.156789   -3.4177
636 15.118355000 15.129610999  0.666621 -0.296824  -3.14888
637 15.129610999 15.140761000  0.699959 -0.380158  -2.97815
638 15.140765000 15.152423000  0.598635 -0.367429  -2.82135
639 15.152423000 15.165103000  0.448675 -0.365347  -2.52948
640 15.165103999 15.179470999  0.246671 -0.259744  -2.31774
641 15.179471999 15.195482999 0.0204079 -0.230069  -2.12962
642 15.195483999 15.212068999 -0.112475 -0.328977  -1.99087
643 15.212068999 15.230413999 -0.00361047   -0.301959    -1.72921
644 15.230414999 15.253752000 -0.0184966  -0.227134   -1.25636
645 15.253752999 15.285756999 -0.193044 -0.212104 -0.831753
646 15.285758000 15.363477999 -0.0671795  -0.118231  -0.151169
647 15.363479000 15.530258999 -0.0222693 -0.0494882    0.12286
648 15.530260000 15.814888999 -0.0180075 0.00019822  0.0820243
649 15.814929999 15.942490999 -0.0840405 -0.0508321  0.0797862
650 15.942496999 15.982258000  -0.10531 -0.357632  0.259221
651 15.982258000 16.002587999 -0.131371 -0.844316  0.472139
652 16.002588999 16.017327000 -0.0384593   -1.31653   0.682585
653 16.017327000 16.029791999 0.00915603    -1.6836   0.786106
654 16.029791999 16.041026000 0.0198082  -1.96689   1.08042
655 16.041026000 16.051620999 0.0340189  -2.21671   1.23004
656 16.051620999 16.061893000 -0.0426477   -2.41218    1.40507
657 16.061893000 16.072085000 -0.105435  -2.55003   1.45661
658 16.072085000 16.082372999 -0.138424  -2.67986   1.54329
659 16.082374000 16.092774000 -0.127627  -2.75536   1.48938
660 16.092774000 16.103561999 -0.110914  -2.74256   1.49094
661 16.103563000 16.114876999 -0.0865475   -2.63937    1.31572
662 16.114876999 16.126948999 0.0200397  -2.56067   1.03863
