1 0.000000000 0.410072000 -0.0128128 -0.0228246  0.0184021
2 0.410079999 0.498503999 -0.00824745   -0.172113  -0.0407479
3 0.498508999 0.547016000 0.000220335   -0.253775  -0.0945297
4 0.547016999 0.580945000 0.0154104 -0.382965 -0.110618
5 0.580945000 0.605931000   0.12919 -0.504386 -0.185219
6 0.605932000 0.632055000 0.0474665 -0.511877 -0.124203
7 0.632055000 0.656690000 0.00721871  -0.599605 -0.0711892
8 0.656690000 0.678896000   0.030585   -0.68447 -0.0779534
9 0.678896000 0.701260000  0.0492195  -0.686679 -0.0738062
10 0.701260000 0.727682999 -0.0123267  -0.571636 -0.0712969
11 0.727684000 0.751202999 -0.0447235  -0.686705 -0.0616317
12 0.751202999 0.773556999 0.0196731 -0.727353 0.0153013
13 0.773556999 0.796667000 0.00339834  -0.692101  0.0559382
14 0.796669000 0.822268000 -0.137487 -0.628679 0.0147088
15 0.822268999 0.847422999 -0.109127  -0.65356 -0.038212
16 0.847423999 0.868257000 0.0431991 -0.853162 0.0751528
17 0.868257999 0.890006999 0.0500753 -0.821897  0.138632
18 0.890006999 0.917399000 -0.104328 -0.629503  0.138868
19 0.917399999 0.949805999  -0.192812  -0.497029 -0.0769122
20 0.949807000 0.980993000 -0.0456974  -0.576457 -0.0518501
21 0.980993000 1.011517999  -0.0233117   -0.621314 -0.00204832
22 1.011519999 1.062232999 -0.169468 -0.293072 0.0202778
23 1.062240999 1.142356000 -0.00671239   -0.220423  -0.0976384
24 1.142361999 1.544447999   0.0168818 -0.00176389   0.0102265
25 1.544448999 1.619746999 0.0112325  0.242055 0.0040039
26 1.619750000 1.680945999 -0.00208111    0.256372   0.0238509
27 1.680945999 1.717310999 -0.0433726   0.468253  -0.029858
28 1.717312000 1.754475000 -0.00755985    0.449345  -0.0455424
29 1.754475999 1.782338999 -0.0616355   0.607592 -0.0435607
30 1.782340000 1.805994000 -0.0733223   0.718531 -0.0781536
31 1.805994000 1.830727000 0.00825897   0.673257  0.0353103
32 1.830727999 1.854277999 0.0287252   0.69106 0.0311845
33 1.854279000 1.874951999 0.0143399  0.808771 0.0251439
34 1.874953000 1.893794999 0.00335942   0.896043  0.0601585
35 1.893794999 1.912426999 -0.0182024    0.86933  0.0741052
36 1.912427999 1.931182000 -0.0108888    0.85682  0.0663517
37 1.931182999 1.950631000 -0.00196173    0.812977   0.0159735
38 1.950631000 1.969859999 -0.0184336    0.84336  0.0387682
39 1.969861000 1.987706000 -0.0525649    0.91585  0.0101061
40 1.987706000 2.005160000 -0.0111618     0.9459  0.0120153
41 2.005161000 2.025440000  0.0406314   0.770349 -0.0371784
42 2.025440999 2.048962999  0.0529078   0.636711 -0.0446459
43 2.048962999 2.071477999 0.0136729  0.672792 0.0362678
44 2.071480000 2.092447000 -0.0107987   0.693907    0.13028
45 2.092447000 2.113073000 -0.0133238   0.711305   0.112359
46 2.113074000 2.133104000 -0.0611069   0.700866   0.106497
47 2.133104000 2.153215000 -0.0523269   0.691369  0.0849507
48 2.153215999 2.172289999 -0.029151  0.775144 0.0233627
49 2.172289999 2.192437000 0.00905275   0.713703 -0.0810111
50 2.192438999 2.213280000 -0.00349209    0.668321   -0.150037
51 2.213280000 2.232043999 -0.021931  0.733883 -0.141564
52 2.232043999 2.250743000 -0.0338954   0.743921  -0.137212
53 2.250743000 2.271497000 0.00615258   0.656493 -0.0490332
54 2.271497000 2.291528999 -0.0200302   0.655612  0.0507861
55 2.291528999 2.308717999 -0.0401115   0.757434   0.176443
56 2.308717999 2.324233999 -0.0777345   0.852843   0.207564
57 2.324235000 2.339943999 -0.123541  0.808392  0.197499
58 2.339943999 2.354650000 -0.146984  0.849494  0.328742
59 2.354650000 2.368872000 -0.163586  0.886251  0.315552
60 2.368872000 2.384573999 -0.0964982   0.779631   0.359356
61 2.384573999 2.402254000 0.0299495  0.702808  0.237876
62 2.402254000 2.420620999 0.0686539  0.700392  0.150673
63 2.420622000 2.438146999 0.0325908  0.724016   0.10799
64 2.438148000 2.454512999 0.0171896  0.786777  0.098086
65 2.454514000 2.470911000 0.0681442  0.815803 0.0578747
66 2.470913000 2.489377999  0.178056  0.680955 -0.043922
67 2.489381999 2.510311999  0.169978  0.590957 -0.323281
68 2.510313000 2.533598999 0.0963863  0.555709 -0.381253
69 2.533600000 2.557825999 0.0432048  0.510752 -0.146378
70 2.557827000 2.584149000  -0.0109215    0.461992 -0.00692413
71 2.584150000 2.612388999 -0.0723905   0.394938  0.0630147
72 2.612388999 2.640203999 -0.0880855   0.395415   0.110939
73 2.640203999 2.680492999 -0.0605959   0.247929  0.0175451
74 2.680492999 2.787460000 0.000878598   0.0236945  -0.0101821
75 2.787460000 2.844576000 -0.0161624  -0.229117  0.0402165
76 2.844576000 2.890975999 -0.000782733    -0.243158    -0.154255
77 2.890977999 2.924460000  0.0209404  -0.345541 -0.0596795
78 2.924463999 2.959570999 -0.0475918  -0.334631   0.102267
79 2.959572999 2.999559999 -0.117246 -0.268069  0.109241
80 2.999559999 3.030621000  -0.0193197    -0.38927 -0.00539064
81 3.030621000 3.065966000 -0.00413825   -0.323668   0.0823726
82 3.065971000 3.104246000 -0.0729021   -0.30346  0.0045829
83 3.104246999 3.142194000 -0.00108312   -0.287927  -0.0403112
84 3.142194000 3.181201000 -0.0317303  -0.276113 -0.0477564
85 3.181201999 3.214125000 -0.100347 -0.350531 0.0904265
86 3.214125000 3.247511000 -0.0690628  -0.344009  0.0963363
87 3.247513999 3.281227000  -0.039796  -0.340471 -0.0580213
88 3.281229000 3.308444000   0.0385853   -0.443788 -0.00865837
89 3.308444999 3.332811000 0.0107912 -0.505401 0.0346492
90 3.332811999 3.358970000 -0.0557545  -0.460307  0.0633814
91 3.358974000 3.380381999 0.0247389  -0.61221  0.112819
92 3.380384999 3.397537000  0.107967 -0.772646  0.189254
93 3.397537999 3.415172000 0.0749184 -0.743778  0.159009
94 3.415172000 3.435542999 0.0157703 -0.643097 0.0850475
95 3.435542999 3.456638000   0.0100396   -0.621673 -0.00869244
96 3.456638000 3.476922000 0.0271027 -0.648111 0.0344616
97 3.476923000 3.495057999 0.0432301 -0.749512 0.0537751
98 3.495057999 3.512504000 0.0511718 -0.825478 0.0762975
99 3.512504000 3.531709999 -0.00474566   -0.730116   0.0603038
100 3.531709999 3.553545000  -0.082188  -0.639518 -0.0354191
101 3.553545000 3.574342999 -0.0244264  -0.678068 -0.0463431
102 3.574342999 3.592647999  0.0336262    -0.8031 -0.0434314
103 3.592649000 3.612088000 0.00546176   -0.77728 -0.0107334
104 3.612089000 3.635900999 -0.0906353  -0.613668 -0.0445033
105 3.635902000 3.660694999  -0.0553557   -0.598332 -0.00973272
106 3.660694999 3.684246000 -0.0259659  -0.639399  0.0063823
107 3.684246999 3.708893999 -0.039028 -0.604078 0.0260047
108 3.708893999 3.732334000  0.0285768  -0.629955 -0.0482873
109 3.732334999 3.762265000   0.028558   -0.45948 -0.0428894
110 3.762265000 3.796800999 -0.0354461  -0.422981 -0.0378834
111 3.796800999 3.822942000 0.0816744 -0.590779  0.111346
112 3.822942000 3.854353999 0.0477546 -0.459279  0.165198
113 3.854353999 3.887203000 -0.0203312  -0.467146  0.0916152
114 3.887203999 3.911548000 -0.0152958  -0.644695  0.0390791
115 3.911548999 3.935042000 -0.0870675  -0.687791 -0.0833607
116 3.935042999 3.963116000 -0.106172 -0.545452 -0.117335
117 3.963116999 3.993295000 -0.116147 -0.496652 -0.189245
118 3.993297000 4.020337000 -0.0621548  -0.611468  -0.136768
119 4.020339000 4.047485000  0.0362401  -0.605656 -0.0764196
120 4.047485000 4.078208000  0.0884437  -0.499863 -0.0865292
121 4.078209000 4.113266000  0.0418083  -0.458145 -0.0761728
122 4.113266999 4.167713999 0.00357385  -0.300426  0.0231849
123 4.167713999 4.219887999 0.0553786 -0.334102  0.088446
124 4.219888999 4.263732999   0.0433074   -0.405305 -0.00204284
125 4.263736000 4.335633000 -0.0715439  -0.235848  0.0412777
126 4.335636999 4.495144000  0.00551373 -0.00404934  -0.0356206
127 4.495149999 4.578562999 -0.0237374   0.199333 -0.0457974
128 4.578562999 4.649080999 0.0351542  0.226386 -0.117885
129 4.649080999 4.689661999   0.0314137    0.428945 -0.00589966
130 4.689663000 4.725933999  0.0391655   0.460879 0.00517281
131 4.725933999 4.760439000 0.00852101    0.48367 -0.0208899
132 4.760440999 4.793194000 -0.00399546    0.511897   -0.174352
133 4.793194999 4.819711999 -0.0789554   0.629224  -0.311493
134 4.819711999 4.843497999 -0.0781293   0.705311  -0.363535
135 4.843499000 4.866553999 -0.00298041     0.72164    -0.23228
136 4.866553999 4.891960999  0.022581  0.623439 -0.073004
137 4.891960999 4.915866999 0.000991182    0.633569     0.11311
138 4.915868000 4.938443000 -0.0536314   0.596157   0.359319
139 4.938443999 4.959755000 -0.0615666   0.659082   0.438096
140 4.959755000 4.979470999 -0.0598689   0.721155   0.417923
141 4.979470999 4.998533000 -0.0481158   0.770643   0.354496
142 4.998533000 5.017674000 -0.0260923   0.798887   0.319245
143 5.017674999 5.038801000 0.0235065  0.703422  0.228458
144 5.038801999 5.060020999 -9.29549e-05     0.674911     0.187428
145 5.060020999 5.080428999 -0.0414675   0.700829   0.129607
146 5.080428999 5.100869000 -0.0721694    0.73198 -0.0828695
147 5.100869000 5.121423000 -0.0195309   0.745823  -0.218697
148 5.121424000 5.143573000 0.0436898  0.681902 -0.157048
149 5.143573000 5.164449000 -0.00137862    0.699688  -0.0820578
150 5.164449000 5.183563000 -0.0571923   0.755244 -0.0104203
151 5.183563999 5.203733999 -0.0278388   0.688496 -0.0665131
152 5.203735000 5.225624000  0.0385363   0.625826 -0.0649298
153 5.225624000 5.246473999   0.020099   0.653736 -0.0441434
154 5.246474999 5.266333999  0.014297  0.698499 -0.109131
155 5.266333999 5.286548999 0.0505331  0.670972  -0.11471
156 5.286548999 5.309082000  0.0428921   0.584024 -0.0329534
157 5.309083000 5.332391999   -0.0143255      0.54995 -0.000358357
158 5.332393000 5.353019000 -0.0519428   0.614521 -0.0272181
159 5.353019999 5.372150999 -0.0437018    0.68333   -0.12979
160 5.372152999 5.391466999 0.0476468  0.694998 -0.235966
161 5.391468000 5.410858000    0.1111  0.675677 -0.157226
162 5.410858000 5.431553000 0.0389266  0.617046 -0.126587
163 5.431553999 5.451986999 -0.00507956    0.627067  -0.0353892
164 5.451986999 5.471993999   0.0020728    0.622114 -0.00468698
165 5.471993999 5.493478000 0.00139036   0.560572  0.0767237
166 5.493478000 5.515906999 0.0211796  0.526923  0.150156
167 5.515906999 5.536081999 -0.0110081   0.623934  0.0141994
168 5.536083999 5.557013000 -0.0550962   0.584032  -0.024168
169 5.557013000 5.578329000 -0.0790367   0.571966 -0.0941189
170 5.578329000 5.600313999 -0.0888795   0.537392 -0.0933932
171 5.600313999 5.621932000 -0.0869919   0.572693  -0.167777
172 5.621932000 5.645285000  0.0431199   0.539259 -0.0638247
173 5.645285999 5.668102000  0.249281   0.50115 0.0249291
174 5.668102000 5.691732000   0.171679   0.518541 -0.0988573
175 5.691732000 5.715860999  0.124328  0.544311 -0.220351
176 5.715860999 5.738579000  0.249179  0.559939 -0.210593
177 5.738579000 5.761562999  0.237928   0.55668 -0.218772
178 5.761564999 5.787478000   0.19158  0.480774 -0.236733
179 5.787478000 5.816393000  0.152728   0.42523 0.0611632
180 5.816393999 5.844664999 0.0957308  0.434277  0.166881
181 5.844665999 5.871962999  0.115592  0.489964 -0.093183
182 5.871965000 5.899192000  0.167829  0.516525 -0.318932
183 5.899192000 5.939105999  0.082526  0.322025 -0.172539
184 5.939107000 5.989284999 -0.0242335   0.252586 -0.0209103
185 5.989284999 6.054957999 0.0164217 -0.120482  0.232724
186 6.054960000 6.084511999 -0.124655 -0.505509  0.456903
187 6.084513000 6.107087999 -0.0492859  -0.683021   0.279352
188 6.107087999 6.129598000 -0.195182 -0.584463 0.0122962
189 6.129598999 6.147685999 -0.344151 -0.726914 -0.145814
190 6.147685999 6.163208999  -0.345411  -0.947815 -0.0184261
191 6.163210000 6.177097999 -0.234899  -1.13415 0.0966081
192 6.177099000 6.190415000 -0.351843  -1.16183  0.180592
193 6.190415999 6.204305999 -0.431147  -1.01768  0.114374
194 6.204305999 6.218895999 -0.404183 -0.918991  0.173855
195 6.218895999 6.233319000 -0.212294  -1.03193  0.275422
196 6.233319999 6.247758999 -0.0664157   -1.02912   0.117693
197 6.247760000 6.262877000 -0.0362432  -0.930945 -0.0234235
198 6.262877999 6.277842000 -0.0440105  -0.917927    -0.1628
199 6.277842000 6.292197000 -0.0124231  -0.966866  -0.111421
200 6.292197999 6.307428999 -0.0128684  -0.869497  -0.147182
201 6.307430000 6.323592000  -0.0300642   -0.827827 -0.00121221
202 6.323592999 6.339032000 -0.127703 -0.907844 0.0478231
203 6.339032999 6.354674000 -0.332897 -0.850481 0.0928646
204 6.354674000 6.371117000 -0.250835 -0.804194  0.163266
205 6.371117999 6.388221000 -0.0452255  -0.846874   0.133071
206 6.388221999 6.404525000 0.0254732 -0.898052   0.14753
207 6.404525000 6.421199000 -0.00122019   -0.831114    0.116081
208 6.421199999 6.442321999 -0.0851542  -0.617613 -0.0355718
209 6.442321999 6.465065999 -0.0528908  -0.567287 -0.0915608
210 6.465067000 6.484494999  0.0230464  -0.698234 -0.0243101
211 6.484494999 6.505488999 0.000792457   -0.635284 0.000389041
212 6.505488999 6.532836000 -0.0594085  -0.451222 -0.0748139
213 6.532836999 6.567022000 0.00896755  -0.347643 -0.0522031
214 6.567022000 6.591781999   0.171159  -0.470978 0.00646606
215 6.591781999 6.620845999 0.0311502 -0.429303  0.040427
216 6.620847000 6.664978000 0.0493554 -0.271385  0.052577
217 6.664978999 6.710550999   0.110051  -0.216589 -0.0324263
218 6.710550999 6.783140999     0.07931   -0.131628 -0.00983881
219 6.783143000 6.897820999 0.0267858 -0.108026 0.0271352
220 6.897820999 6.943588999   0.241759 -0.0421707 -0.0114355
221 6.943589999 6.971520000   0.405465 -0.0195892 -0.0224311
222 6.971521000 6.993750000  0.544153 0.0114606 0.0715935
223 6.993750000 7.014981000    0.580817 -0.00525563   0.0887151
224 7.014981999 7.034609999   0.637857 -0.0072322  0.0768586
225 7.034611000 7.052669000     0.72189 -0.00577766   0.0725483
226 7.052669000 7.069550999   0.781081 -0.0215928   0.126867
227 7.069550999 7.085640000  0.837241 0.0179891 0.0353659
228 7.085640000 7.101024000   0.899932  0.0690864 0.00429262
