5.8375   0.828539 -0.0683373  0.0654532
5.90605   0.709957 -0.0736536  0.0481828
5.9997    0.293724   -0.044202 -0.00285537
6.18648  -0.945313 -0.0337621   0.174039
6.25785  -0.977807 -0.0771464 -0.0214755
6.31484  -0.965311   -0.11986 0.00593131
6.36325 -0.924663 -0.073158 -0.013598
6.40935  -0.904019 -0.0365688   0.166046
6.45561  -0.866849 -0.0195073   0.173059
6.50179   -1.1814 0.0992186 0.0959801
6.54349   -1.03597 -0.0374549  -0.110737
6.58926  -0.988265 -0.0764185  -0.177681
6.63659  -1.22377 -0.166793  0.130032
6.68356 -0.442261 0.0435618  0.234516
6.79341   0.146729   0.019249 -0.0196149
6.94869    1.13642 -0.0822698  0.0698716
6.99944    1.28863 -0.0670851  -0.129069
7.03883   1.45033 -0.232864 -0.587697
7.07379   1.19482  0.132009 -0.333675
7.11641   0.819262 -0.0113093   0.254805
7.16512  0.978502 0.0744415  0.165259
7.21311  -0.326032   0.279524 0.00368734
7.43724   -0.127306  -0.0518445 -0.00996845
7.7416  -0.0920386 -0.00234284   -0.794623
7.88314   -0.11555 -0.0156929   -1.02397
7.99233   -0.0653105 -0.000344234     -1.00127
8.10172 -0.0610303  -0.151813    -1.1943
8.20167 0.0045066 -0.175079  -1.26176
8.30254 0.0386645 -0.258118  -1.17802
8.41006 0.0178722 -0.102852  -1.11528
8.53218  0.0988747 -0.0120305   0.411054
8.70183 0.00654929   0.308599    1.38365
8.79453 0.216623  0.28423  1.72741
8.87015 -0.105703  0.274993   2.18132
8.93121 -0.129758  0.332287   1.93599
8.99425 0.147618 0.281641  2.31517
9.05256 -0.27145 0.260822  2.34691
9.1102 -0.112287  0.315183   1.83295
9.18538 -0.152156  0.124817   1.22441
9.28264 -0.170643 0.0868973   1.43962
9.37463  0.0835244 -0.0810046    1.63476
9.46486  0.152351 0.0690609   1.09038
9.60732 0.0620027 0.0535275 -0.936481
9.74178  -0.124556 -0.0940077   -1.77504
9.8254  -0.115224 -0.0529909   -1.41075
9.91842  0.153223 0.0460627  -2.19991
9.99256 0.0252376 -0.171122  -2.31058
10.058 -0.0481945  -0.143663   -1.77039
10.124 -0.0559415 -0.0971283   -2.01306
10.1856 0.112249  0.04487 -1.85331
10.2595 0.0324044 -0.129006  -1.58626
10.3492 0.0811416 -0.099378  -1.67842
10.437 0.0697796 0.0636048  -2.02568
10.5197  0.0191572 -0.0669696   -1.36562
10.6287    0.18997 -0.0259298 -0.0355782
10.8232   0.263395 -0.0565468    1.85913
10.9126 0.0468841  0.278461   2.56945
10.9754 0.154703 0.217854  3.37376
11.0275 -0.236808  0.281265   2.77224
11.0798 0.00797927   0.255703    2.51112
11.1351 0.121317  0.29159  2.08533
11.2013 -0.108763  0.229772    1.4641
11.2849 -0.00457513    0.146971  -0.0813312
11.4723   0.177864  -0.924226 -0.0795375
11.5288   0.289828     -2.071 -0.0777379
11.5611  0.414086  -2.61016 0.0219916
11.5904  0.313047  -2.39265 -0.144348
11.6276 -0.135834  -1.30825 -0.544134
11.705 -0.227188   1.19412 -0.773085
11.7742 -0.257575   2.42807 -0.415289
11.8118 0.0897851   2.47575 0.0402992
11.8464 0.360915  2.35675 0.176698
11.8793   0.118293    2.18503 -0.0715166
11.9141 -0.106236    1.6487 -0.618822
11.9513 0.0366663    1.1259 -0.703151
11.9975 -0.146178  0.118619 -0.187864
12.0851 -0.178639  -1.90982  0.776309
12.1205 0.239422 -3.07966  0.86938
12.1467 0.482989 -2.89018  0.54583
12.1743 0.305285 -2.62358  0.64869
12.2058 0.217542 -1.20835  0.39464
12.2556 0.0362334 -0.200532  0.140265
12.3573 -0.107481    1.8218 -0.204531
12.4002 -0.358041    2.7911 -0.627659
12.4312 -0.338795   2.66261 -0.828196
12.4613 -0.136888    2.4858 -0.788757
12.4914 -0.0396913    1.57723  -0.553843
12.5309 -0.0577236   0.208583   0.298012
12.6117 -0.163171  -1.94999   1.30966
12.6446 0.119753 -2.91245  1.02394
12.6709 0.154692 -3.20504 0.706071
12.6976 0.0894929  -3.39577  0.657776
12.7247 -0.0403795   -2.83215   0.412413
12.7589  0.065546 -0.881676 -0.609007
12.8415 -0.152198   1.99899 -0.604947
12.8852    0.0152   3.39807 -0.641888
12.9151  0.295618   3.42373 -0.518986
12.9442  0.273974    2.7945 -0.665903
12.9766 -0.148089    1.6809 -0.510187
13.0186  -0.134642 -0.0626888   0.205972
13.1107 -0.500673  -1.73874  0.522894
13.1481  0.131076  -3.02144 -0.037186
13.1758 0.0733229  -2.88631  0.362294
13.206 -0.177788  -1.96702  0.304545
13.2458 -0.085039 -0.548253 -0.212147
13.3269  -0.11573   1.44145 -0.521782
13.373 0.0854203   2.07705 -0.363238
13.4095 0.0230956   2.50026 -0.401776
13.442 0.0401734   1.96444 -0.534974
13.477 0.0509422   1.14258 -0.468735
13.533  0.198272 -0.785716  0.764544
13.5921 0.00460273   -2.77074    1.41206
13.6205 -0.146652  -3.33124   1.11459
13.6484 -0.0684745   -3.16135   0.501146
13.6777 0.357932 -2.53847 0.131676
13.7124  -0.015573   -1.64881 -0.0607766
13.7734 -0.332488  0.739677 -0.345394
13.8534  -0.31317   2.75265 -0.202456
13.8874 -0.052882   2.80539 -0.215739
13.9202 -0.0514003    1.78116 -0.0471992
13.9602 -0.554499  0.423084  0.155255
14.015 -0.752529 -0.369495 0.0105835
14.0685 -0.649653 -0.413162 -0.289501
14.1185 -0.232913 -0.984573 -0.474414
14.1677   1.38688 -0.686761 -0.267621
14.2034   2.80135 -0.470274   0.22032
14.2296    3.39704 -0.0844726   0.403045
14.2562  2.74565 0.446152 0.053531
14.2936 0.810531 0.500953 0.918821
14.3744 -2.74996 0.512312 0.403176
14.412  -4.41992 -0.140178 -0.355225
14.436  -4.56573  -0.63895 -0.869922
14.4583  -3.77241 -0.438512  -1.42543
14.4822  -2.31336 -0.268649  -1.47699
14.5166    0.148214 -0.00604048   -0.251509
14.5925   2.47935 -0.377597   1.19579
14.6235   3.0032 0.025163  1.15156
14.6486  2.61183  0.42648 0.782792
14.6765  1.68949 0.577146 0.279697
14.7128 0.359308 0.329121 0.301098
14.7848   -1.78496 0.00355612   0.180363
14.8199  -2.42284 -0.342187 -0.114033
14.8474  -2.55637 -0.417056 -0.234853
14.8736  -3.02637 -0.338862 -0.340165
14.8994  -2.79292 -0.690821 -0.332707
14.9307 -0.349075 -0.240782 -0.466203
14.9974   2.53256  0.249589 0.0896175
15.0325  3.44366 0.169445 0.220549
15.0562  3.73837 0.320789 0.310776
15.0779  3.48466  0.50257 0.316264
15.1015  2.71672 0.749444 0.392077
15.1318 0.743183 0.571715 0.540859
15.1962 -2.16894 0.401884 0.343804
15.2299     -3.88316    -0.120539 -0.000725812
15.2535  -4.04763 -0.766331 -0.164617
15.2768    -3.518 -0.960474 -0.482521
15.3015  -2.27308 -0.373753 -0.875761
15.342   0.863087 0.00475185   -0.32596
15.4124  2.03993 0.129724 0.277852
15.4466  2.72231 0.492562 0.150283
15.4718  3.02508 0.297614 0.735988
15.4969   2.66315 0.0297101  0.286854
15.5257   1.20572 0.0113918  0.445084
15.5915  -1.27933 -0.554113  0.749512
15.6336  -2.29753 -0.259847  0.059232
15.6625  -1.84736 -0.133152 -0.616547
15.6966 -0.0784012   0.215334  -0.275881
15.8315   0.267219   0.013137 -0.0072684
15.9429  0.206059 -0.217102  -1.15119
16.0212 0.0840672 -0.218691  -3.28123
16.0704 -0.255141 -0.262869  -4.49411
16.1112 -0.270786 -0.305157  -4.65033
16.1542 -0.422458 0.0330645  -2.61622
16.228 -0.19344 0.296626  4.03143
16.2767 0.423078 0.521666   6.8108
16.3121 0.699516 0.705912  7.11961
16.3448 0.361441 0.612982  5.61191
16.3834 -0.0619464   0.700035    2.58765
16.434 -0.27411 0.276321 -2.29782
16.4944 0.0513004 -0.304785  -5.80962
16.5296 0.0799072  -0.45934  -6.75182
16.5614 -0.0470566  -0.460656   -5.98424
16.6007 -0.178582 -0.180064  -3.16315
16.6924  0.311955 -0.369345   2.82832
16.7525 0.921066  0.07222  5.76189
16.7902 0.484821 0.300933  5.98776
16.8264 0.357151 0.232823  5.03546
16.8692 -0.198363    0.8946   2.18292
16.9221  -0.369455 -0.0929392   -4.54831
16.9686  -0.15786 -0.372266  -7.30196
17.0002  -0.46829 -0.357975  -7.12908
17.0336 -0.267554 -0.351717  -4.06926
17.1063  0.731897 -0.249494   2.70147
17.1677  0.409851 -0.073424   4.77648
17.2086 0.528443   0.3524  5.51251
17.2447 0.106632 0.256377  4.41219
17.29 0.231456 0.479719  3.35819
17.3449 -0.535581  0.337695  -2.38971
17.3978 -0.306575 0.0176691  -6.92601
17.4325 -0.0769515  -0.126731   -7.84773
17.4611  -0.179856 -0.0459543   -6.46419
17.4997   0.144501 -0.0447851  -0.411261
17.5775  0.692279 -0.234047   5.29035
17.6191  0.478162 -0.130001   6.13113
17.6533   0.502788 -0.0374209    5.26069
17.6947 0.469673  0.46307  2.44865
17.7613 -0.379958  0.244139  -4.16392
17.8078  -0.29188 -0.131957  -7.00832
17.8401 -0.138827 -0.180298  -7.13256
17.8729   -0.23084 -0.0769182   -5.47462
17.9177 -0.0602017   0.018361  -0.319864
18.021  0.148701 -0.490567   4.52039
18.0691  0.394247 -0.107505   7.01262
18.1028  0.202399 0.0186401   6.84143
18.1347   0.320736 -0.0217151    5.24043
18.1796 0.282402 0.155679 0.635883
18.281    -0.1472 -0.0929924   -1.81425
18.3709  0.0256655  -0.520739 -0.0107481
18.4524 -0.0603285   -1.42946   0.372712
18.4981 0.569989 -1.31131 0.751966
18.5368 0.989072 -1.40595   1.2765
18.5707  1.33642 -1.36831  1.58131
18.608   1.03811 -0.527198  0.887548
18.6729 -0.483857   1.55781   -2.0031
18.7143 -1.17962   2.9214 -3.21129
18.7401 -1.17286  2.89216 -3.79367
18.7654 -0.731077   2.14944  -3.95474
18.7931 -0.0284215    1.76063   -3.42807
18.8251 0.57531 1.44828 -2.7399
18.8646  1.39036 0.931937 -1.28295
18.9038  1.72779 0.311617 0.122611
18.952   1.09526 -0.750016   2.06885
19.0018 -0.229138   -1.3932   3.67141
19.0444  -2.77007 -0.956437   3.31286
19.0803  -4.22039 -0.211541    2.0714
19.1043   -4.10411 0.00494758     0.8027
19.1276   -2.61049   -0.12715 -0.0233348
19.1568  -1.46332    0.3061 -0.595139
19.1941  -1.58612  0.634493 -0.990867
19.2316  -1.3908 0.728459 -1.32304
19.2756 0.0455206   1.18388  -1.74399
19.3316  1.81567   1.3756 -1.84507
19.3665   2.52956  0.998767 -0.877928
19.3936  2.36161 0.692815 0.301579
19.4201 2.41673 0.27364 1.28805
19.4461   2.66608 -0.299752   1.81297
19.473   2.44288 -0.693419   2.17097
19.5046   1.66158 -0.746034   2.64915
19.5483 0.364328 -1.07031  3.22446
19.6 -0.893667 -0.851724   3.31975
19.6461  -2.09099 -0.433106   1.85934
19.6781  -2.47834 -0.202628  0.989355
19.7066  -3.00605  0.642434 -0.164692
19.7337  -3.2121 0.943055 -1.26881
19.7616 -2.27845  1.34976 -2.46794
19.7927 -1.26683  1.51056 -3.23192
19.8286 -0.899815   1.74963  -3.62995
19.8692 -0.211802   1.92502  -3.19669
19.9125 0.897823  2.49658 -2.06823
19.9467   1.69608   2.03656 -0.842893
19.9752  1.75245  1.33943 0.322868
20.0067  1.47131 0.665308  1.35607
20.0428   1.50623 0.0377854   2.18457
20.0817  1.66626 -1.00976  3.15737
20.1179 0.756736  -1.3809  3.38939
20.1542 -0.253367  -1.81037   4.04751
20.1851 -1.14088 -1.68338  4.18634
20.219  -1.53919 -0.652816    2.9043
20.2584   0.11077 -0.419753   2.09213
20.3187 -0.345975  0.352985  0.808715
20.3965 -0.125217    0.7389  -2.52523
20.4509 -0.339738  0.311193  -4.50498
20.4948 -0.126988 -0.267853  -5.12362
20.5377 -0.218991 -0.385467  -1.77352
20.6019 -0.279286  -0.82458 -0.031637
20.6628 -0.628184  -1.19771   0.14697
20.7043 -0.24288   -1.779 0.484029
20.7445 0.862997 -1.43105   1.2356
20.7856   1.15286 -0.625342   2.11289
20.8372   1.98471 0.0416033   1.56641
20.885  2.00478  2.09223 0.655284
20.923  1.87928  2.75234 -0.18936
20.9539   1.90886   1.56545 -0.564314
20.9955   1.21555  0.668881 -0.384201
21.0649   0.99893 0.0199571  0.422106
21.1437 -0.0933643   0.228056   0.617172
21.2501 -2.56762  1.50129 -1.62405
21.2965 -3.58109  1.76201 -3.84889
21.327 -4.16441  0.73071 -5.14689
21.3499   -3.2226 0.0944006  -4.95639
21.3752 -1.64997 0.372589 -3.53131
21.4064 -1.32187  0.32326 -2.01027
21.4468  -1.07132  -1.22646 -0.751497
21.4861 -1.40545 -2.28907 0.149157
21.5195 -0.873222  -2.47157    1.0879
21.5592 0.210931 -2.15228  2.53337
21.6049  1.85077 -2.38225  2.82336
21.6384  3.05795 -2.03546  2.54441
21.6636  3.37328 -1.08113  2.24688
21.6895   2.88326 -0.286964   1.55266
21.7197  1.76567 0.392093 0.362237
21.7556  0.858351  0.828648 -0.797478
21.8022 0.385334 0.111206 -1.20438
21.8809 0.0135202   -1.4409  0.271083
21.928 -0.214375  -1.47049   1.07606
21.9777 -0.198537 -0.636169  0.526732
22.0726 -0.50832  1.23103 -1.46778
22.123 -0.509103   2.91719  -2.63017
22.1517 -0.114487   2.91392  -2.77092
22.1819 0.381772  1.97184 -2.05233
22.2218  0.414712  0.898327 -0.182748
22.2945  -0.14823 -0.576386  0.333439
22.3801 -1.01371 -2.73223 0.303253
22.4129 -1.58184 -3.09358  1.16658
22.4415 -1.25084 -2.75378 0.779886
22.4777 0.166193 -1.48938 0.391632
22.5402  0.440632   1.00196 -0.653244
22.6073  0.792216   2.01388 -0.942312
22.6487  1.22553  2.28609 -1.82098
22.6825  1.44699  1.06563 -2.00361
22.7224  1.87431 0.712528 -1.23537
22.769  1.87998 0.107482 0.723177
22.8224  0.374074 -0.497561   4.56631
22.8759  -1.43601 -0.691002   6.31407
22.927 -1.31077 0.574094  4.29766
22.9784 -1.26717  1.40649 0.326678
23.0183 -0.857676   1.77478  -3.62709
23.0493 -0.637479   1.66006  -6.33278
23.0772 -0.669133   1.18083  -7.79047
23.1075 -1.05506 0.508327 -7.34041
23.14   -0.97733 -0.0796361   -4.56261
23.1768 -0.0604162  -0.251464   -1.06536
23.2551 -0.693022   -1.3262  0.674523
23.2908 -0.24766 -1.65079  3.32773
23.3276  1.21788 -1.31872  6.46286
23.3593  1.27515 -1.09953  7.63639
23.3915   1.38575 -0.366993   6.36768
23.4324 0.544346 0.547789 0.878083
23.4934 0.024629  1.26469 -4.79046
23.5285 -0.183766   0.91364  -7.44024
23.561 -0.495361  0.272451   -8.2621
23.5944 -0.864607 -0.407218  -6.55772
23.6279 -0.546896  -1.09747  -2.35273
23.6714 -0.56629 -1.37302  1.63003
23.7096 -0.937685  -1.26251   3.26266
23.7449 -0.116728 -0.674437   2.49589
23.7952 0.763362 -0.18437 0.712959
23.8475   2.07588   1.32692 -0.366135
23.8751  2.55241  2.25045 0.173283
23.9005  2.35173  2.63868 0.864469
23.9272 1.90085 2.11512 1.47156
23.961 1.20119 1.48892 2.53742
24.0083 -0.937001  0.996048   2.52278
24.0626 -2.71495 0.643511  2.21281
24.0921 -3.28101 0.596678 0.878924
24.1153  -2.76547  0.846114 -0.351342
24.1403  -1.85944 -0.362688  -1.88374
24.173 -1.75866 -2.08121 -2.72634
24.2035 -2.04679 -2.22154 -3.27474
24.2326 -0.999437  -1.60421  -3.04625
24.2745 0.574959 -1.14015 -1.06281
24.3207   1.9007 -1.09473 0.428033
24.353   2.36511 -0.115056  0.602654
24.3816  2.93427  1.20769 0.150305
24.4069  3.35807  1.95638 0.262785
24.4295  3.26586  2.11304 0.731344
24.4542  2.63414  1.84872 0.740749
24.4881   1.6631  1.27553 0.727494
24.5393 -0.120617  0.386957  -1.59963
24.6178 -1.59505 -1.06958 -3.17536
24.667 -2.22319 -1.92809 -3.89174
24.6992 -1.46178 -2.31052 -4.05144
24.7276 -0.527807  -2.18852  -3.36336
24.7595 0.0447935  -1.62563  -1.26722
24.8014  1.35044 -1.38127   1.8911
24.8377  1.59954 -1.56404  4.43569
24.8719  1.15143 -1.01829  5.09829
24.92   1.14136 -0.401729   4.55694
24.9803 0.394862 0.973258  2.29099
25.0514  0.600143   2.25298 -0.759168
25.0881 0.652463  3.44359  -3.0681
25.1133  1.12918   2.8224 -4.12887
25.1438  1.77781  1.59281 -3.77511
25.1829  1.42027  1.16349 -2.88268
25.2316 -0.364296  0.190682  -1.75322
25.3045  -2.60389  -1.57236 -0.766735
25.3398  -3.95833  -2.82914 -0.465382
25.3622  -4.25825  -3.29054 -0.612109
25.3811  -3.58681  -3.13032 -0.785483
25.4016  -2.14241  -2.44676 -0.523179
25.4271  -1.10175  -2.15681 0.0995695
25.4598 -0.386126  -2.58864    2.0746
25.4994  2.24386 -2.69816  3.42347
25.5326  3.05635 -2.57571  3.99107
25.5619  2.57559 -2.15301  3.93724
25.6002   1.74913 -0.523384    1.8652
25.6559 0.436576  2.56377 -2.64837
25.6967 0.0498452   4.27634  -4.74222
25.7223 0.447148  3.35172 -5.14342
25.7493 0.126975  2.26185 -5.63952
25.7823 -0.197456  0.216675  -5.00931
25.8286 -0.423054 -0.902386  -3.21426
25.876 -0.203009  -1.37009  -2.83886
25.9219 -0.331607 -0.705665  -2.09258
25.9876  0.133118 -0.740631   3.99156
26.0324  0.613158 -0.613752   7.93545
26.0629  0.785401 -0.169572   7.94433
26.0952   0.594834 -0.0529462    6.82553
26.1299 0.431396 0.243057  5.79242
26.1679 0.147747 0.745212  5.10996
26.2068 -1.07583 0.816364   4.0111
26.2465  -1.62827 -0.555197   1.11624
26.2904  -1.49649 -0.508277  -3.75166
26.3336   -1.79808 -0.0550349   -7.05105
26.3698 -1.89044 0.447238 -8.30511
26.407 -1.19526  1.09056 -7.71762
26.4466 -0.0853183    1.93919   -5.47732
26.4793  1.03135  3.04682 -3.08758
26.5046  1.89765  3.75462 -1.83282
26.5274 2.39718 3.07889 -1.1646
26.5515   1.96935    1.7812 -0.787868
26.5823  1.22847 0.730212  1.54976
26.6291  0.324997 -0.553925   6.45357
26.6665 -0.152245 -0.636553   9.12728
26.6995  -1.06022 -0.666554   9.22261
26.7279 -1.33507 -1.03357  8.45447
26.755 -0.94497  -1.5236  7.34054
26.7881 -0.920711   -1.8841   5.53435
26.8249 -0.322018 -0.688564  0.153646
26.9046 -1.80176 0.471493  -5.0552
26.9603 -1.78064  1.66506 -7.58928
27.0002 -1.03513  3.17067 -7.45293
27.0321 0.0502946   3.07007  -5.52987
27.0617 0.783096  2.13997 -3.23085
27.092  0.883366   1.14701 -0.283615
27.1302 -0.253994  0.819171   2.77907
27.1787  -2.57155 -0.978775   3.49613
27.2044 -3.58994 -1.55663  3.53305
27.2257 -3.54799  -1.9619  2.77505
27.2492 -2.41389 -1.64199  1.46153
27.2813  -1.56323 -0.330767 -0.935756
27.3271  -1.30352 -0.276343  -2.41862
27.3888   1.10789 -0.661763 -0.454134
27.4429  2.99144 -1.73228  2.72798
27.4781  3.95979 -2.09792  3.88573
27.5065  3.58418 -1.56691  4.20416
27.5418   2.43694 -0.728621   3.57176
27.5947 0.0686411  0.935299 -0.659654
27.6672 -0.206751    1.4643  -3.21118
27.71 0.0389234    1.1723  -4.33612
27.7491 -0.0270991 -0.0364605   -3.63994
27.7995 -0.194589 0.0249666  -2.45893
27.8624 -2.27078 0.241578 -1.52147
27.8947  -3.52924 -0.310607  -1.23599
27.9185  -3.75843  -0.43628 -0.595121
27.9431  -3.08682 -0.338705   0.56626
27.9717  -2.14279 -0.842117   1.08488
28.0072 -0.130223 -0.718474   2.23472
28.0721  2.42386 -1.69614  3.25359
28.1101  3.30818 -1.64943  3.38114
28.1399    2.7798 -0.526156   3.29798
28.1742  1.57533 0.423979   2.7869
28.2223 0.662521  1.42929  0.81797
28.2648 0.748394  2.48683 -2.25856
28.2967  1.04684   2.4217 -4.03079
28.3267  1.36128  1.85041 -4.94442
28.3559  1.41455 0.946284 -4.83875
28.3898    1.514 0.737003 -3.74547
28.4289  0.788686 -0.239223  -1.73482
28.4899 -1.19857 -2.15047  1.49267
28.5217 -2.4234 -2.6318  3.2315
28.5472 -2.14324 -2.53874  4.36342
28.5738 -1.46667 -1.88466  4.55586
28.6058  -1.89703 -0.816993   2.43449
28.6376  -1.64602  0.198517 -0.132893
28.6732 -1.19261  0.98547 -2.48362
28.7209 0.00106244    1.06702   -2.88034
28.7803 0.404764 0.506255 -1.72092
28.8335 1.33133 1.21516 1.31224
28.8682  1.87944 0.758637  3.36554
28.8974   1.38869 -0.154998   4.60139
28.931 0.180826 -1.14463  4.98737
28.9687 -0.360477  -1.72495   4.47709
29.0053 0.0651594  -1.41969   2.19189
29.0466 -0.12759 -0.98842 -1.32248
29.1082 -0.707855  0.206979  -4.80751
29.1583 -0.724451  0.845656  -6.49731
29.1951 -0.683395    1.8054  -7.20518
29.2236 -0.065251   2.82683   -6.0325
29.2511 0.620742   2.1824 -3.67952
29.2851   0.871199   0.849053 0.00236855
29.3358 -0.0375049  -0.150569    3.73654
29.387  -1.4607 -1.29022  5.80956
29.4208 -2.44464 -1.98831  7.13612
29.4479 -2.52946 -1.72486  7.76905
29.475 -2.10934 -1.12203  6.76205
29.5071  -1.17432 -0.286608   3.12034
29.5576 -0.422588  0.555128  -3.49243
29.6143 0.214416  1.29873 -5.85192
29.6506 0.462616  1.82262 -5.93025
29.682 0.732736  1.41966 -4.09342
29.7166  1.29924   1.0243 -2.04977
29.7505  1.60884 0.666402 -0.47935
29.7843  0.612438 0.0948847   1.46633
29.8412   0.616402 -0.0594927      3.697
29.8904 -0.063837 -0.657019   5.60705
29.9258 -0.782054  -1.22527   5.53132
29.9596 0.0494647  -1.42436   2.99206
30.0042 0.645522 0.160194  -1.8224
30.06  0.25402  1.39461 -5.10007
30.0963 -0.0314219    1.91637   -5.08984
30.1292 0.219766  1.96691 -4.08072
30.1663 0.790745  1.54827 -2.06705
30.2086 0.130344  1.08485 -1.23621
30.264  -1.69928 -0.631122 -0.293859
30.3016 -2.34087 -1.45472 0.750108
30.3274 -2.43692 -1.89316  1.62043
30.3508 -2.53617 -2.43047  2.41925
30.3727 -2.61821 -3.03687   2.9316
30.3943 -2.34928 -2.86637  2.95103
30.4225 0.0725624  -1.95381   2.44655
30.4662 1.70234 -1.3993 2.16045
30.5027  2.22515 -0.97898  1.88471
30.5398   2.82694 -0.543724   0.89879
30.5757   2.21355   1.32534 -0.711429
30.6094  1.13629  3.34199 -3.23717
30.6362 0.778783  2.95451 -4.26073
30.6657 0.129066  2.01451 -4.26294
30.6992 -0.635479  0.936073  -3.67036
30.7387  -0.920218 -0.0897961   -2.29075
30.7845  -1.13324 -0.843227  -1.38523
30.8213  -1.42754  -1.52104 -0.217104
30.8506  -1.6359 -2.73377 0.886927
30.8755 -1.12103 -2.78061  2.03953
30.9043 0.592211 -2.67345  3.75581
30.9352 0.835621 -1.87268  4.82615
30.9702 0.923247 -1.02114  2.27153
31.0199  1.04742  1.25395 -1.46526
31.0624 0.391052  2.32529 -3.05283
31.0996 0.313271  1.62059  -3.0862
31.1391  0.113951  0.174463 0.0976048
31.2114  0.100008 -0.764365   2.19928
31.2598   2.30986 -0.347873   1.88445
31.2901   2.92607 -0.543033   1.37579
31.3208   2.80238 -0.208244  0.343363
31.3631  0.333323  0.351391 -0.846858
31.4399  -3.61424  0.102136 -0.642257
31.4771   -4.8297 -0.125755 -0.927526
31.5009  -5.08411 -0.489199  -1.12331
31.5214  -4.92458 -0.785979  -1.42527
31.5411   -4.0933 -0.678522  -1.47141
31.5676  -2.03746 -0.109709  -1.04862
31.6256    1.92931 -0.0125336   0.470253
31.6685   3.71566 -0.250481  0.443764
31.6935  3.91462 0.183754 0.163313
31.7147  3.66297 0.458989 0.354245
31.7372  3.09699 0.327442  1.03443
31.7646  2.03673 0.142929   1.8138
31.8081 -0.0434205  0.0496175    2.83108
31.866 -1.59584 0.473794  2.22713
31.9017  -2.0221  1.11189 0.755533
31.9306 -2.21017 0.761686 -0.51957
31.9599   -1.91883 0.00492275   -1.59287
31.9942  -1.51955 -0.455232  -3.84277
32.032 -0.240349  0.717213  -7.05674
32.0646 0.249858  1.09196 -8.58916
32.0947 -0.29995  1.05522 -7.73442
32.1302 -0.222784  0.746431  -5.70577
32.1706 0.704401 0.524126 -2.33214
32.23  0.657274 -0.502443   4.46385
32.2821 0.993904 -1.77771  9.34956
32.3118 0.667698 -2.38579  10.2466
32.3366 0.491205 -2.50226   9.4842
32.3652 0.678976 -1.84143  6.83182
32.4085    0.83867 -0.0461705    2.38625
32.4788 -0.593688   2.19907   -4.0126
32.5147 -0.581871   4.05685  -5.39674
32.5371 -0.0527845    4.36299   -5.54798
32.5593 0.240088  3.14442 -5.14548
32.5853 0.00495036    1.30711      -4.21
32.6206 -0.611191 0.0355955  -2.17032
32.6661 -1.49427 -1.99592  -1.4152
32.6944  -1.77304  -3.69796 -0.831643
32.7177   -1.60896   -3.95306 0.00257769
32.7411 -1.08024 -3.60412  1.13362
32.7675 0.224362 -2.70709  3.81582
32.8084   3.0603 -1.43434  4.92222
32.8432    4.15789 -0.0529153    5.58066
32.8719 3.58232 1.87953 3.80177
32.9008   2.22943   3.75543 0.0137929
32.9249  1.17125  3.81987 -3.80182
32.9491 0.310307  1.64039 -6.59293
32.9792 -1.26265   0.4065 -7.98836
33.0071 -1.81197 -1.80414 -6.86502
33.0325 -1.88277 -2.33033 -4.30928
33.059 -1.27847 -2.84418 -1.05858
33.0867 -0.726226  -2.72273   1.72448
33.1159 0.103307 -1.76588  3.42004
33.1576   2.70106 -0.377145   4.75809
33.1895  3.05437 0.809227  5.94534
