0.055082 -0.00156438  -0.0714428    0.193201
0.0800795 -0.0617842 -0.0698171   0.252304
0.125092   0.0157145   0.0294543 -0.00385869
0.180042  0.0182016 -0.0985074  -0.177528
0.225151 -0.0262324  0.0258236    0.17425
0.290309 0.0139522 -0.100763 0.0513774
0.345194 -0.0756215   0.170567 -0.0438487
0.375206  0.0967074  0.0325163 -0.0113238
0.400137 0.0824838  0.106166 0.0783991
0.420159 0.0333622 0.0799369  0.183937
0.440156 -0.084072  0.060498  0.044426
0.470111  -0.0762327  0.00974476 -0.00248882
0.500116 0.0937017 -0.109073  0.037147
0.520135  0.152894 -0.142288 0.0231751
0.540095   0.124919  -0.132275 -0.0232912
0.565136 -0.0624384 -0.0696331  -0.111441
0.595117 -0.00795548  -0.0697593   -0.153579
0.620131 0.0643715 -0.075841 -0.254969
0.64016  0.0859447 -0.0891142  0.0596048
0.660152  0.156426 -0.128896 0.0445482
0.675104  0.213392 -0.196109 0.0634297
0.69011  0.102655 -0.147693 0.0606043
0.705107   -0.14997  -0.265734 -0.0139313
0.720113 0.0943552  -0.12723 0.0323978
0.740113  0.0487589  -0.184663 0.00305662
0.755126 -0.0852253  -0.219043   0.149793
0.770116  0.123308 -0.499493 0.0945225
0.790097  0.123265 -0.584228 0.0796414
0.810089 -0.102284 -0.511021 -0.046758
0.825095 -0.216407 -0.280983 0.0265781
0.840119  -0.116232  -0.419408 -0.0209828
0.860128 -0.123596 -0.562088  0.127194
0.880102 -0.083089 -0.628137  0.262574
0.900105 0.0908203 -0.692712  0.178897
0.920104 -0.0462882  -0.573496  0.0876255
0.940159 -0.0977191  -0.561396  0.0808238
0.960182 -0.0793084  -0.720777   0.340614
0.980111 -0.117436 -0.726967  0.157403
1.00011 -0.108757  -0.72159  0.169525
1.02017  -0.168771  -0.576057 0.00158273
1.04015 -0.123551 -0.395087 -0.037995
1.06011 -0.0731696   -0.43104  -0.253375
1.08011 -0.0608935  -0.536273  -0.234341
1.10011 -0.0989514  -0.567255 -0.0104441
1.12012 -0.119699 -0.549894 -0.115902
1.1401  -0.122669   -0.38695 -0.0850405
1.1601  -0.141025  -0.118563 -0.0216904
1.18014  -0.133634  -0.154972 -0.0263552
1.20012  0.0929168  -0.235665 -0.0335847
1.22002 -0.115481 -0.188491 -0.130213
1.25511 -0.0483497  0.0977123 -0.0828722
1.29009  0.03495 0.199691 -0.36252
1.31009 0.0342384   0.27929 -0.168574
1.33008 -0.0476733   0.313473  -0.461841
1.35009 -0.0032447   0.367122   -0.32979
1.3701 -0.0542699   0.485324  -0.383317
1.39011 -0.161902  0.629898 -0.255592
1.40513 -0.213563  0.684022 -0.117408
1.42014 -0.0584538   0.475552   -0.26072
1.44013   0.157811   0.403622 -0.0580964
1.46013  0.128558  0.456097 0.0445299
1.48011 -0.0946417   0.526005 -0.0700863
1.5001   -0.11264   0.500604 -0.0750739
1.51511   0.166969    0.36369 -0.0767677
1.53011 0.0255738  0.474335 -0.107648
1.54516   -0.15966   0.662331 0.00962785
1.56018 -0.0916237   0.680256  -0.192376
1.58011 -0.132593  0.700481 -0.322142
1.6001 -0.0894532   0.604868  -0.313597
1.62012 -0.0766918    0.59094 -0.0727115
1.64011 -0.0806679   0.777754 -0.0690288
1.66011 -0.0964716   0.770118 -0.0721815
1.68012 -0.00785682    0.711107   -0.163587
1.70011  0.133462  0.596128 0.0687712
1.72011  0.118031  0.592484 0.0775313
1.74012 -0.0820211   0.732932 -0.0380303
1.76012 -0.0815711   0.762357  -0.108194
1.78011 -0.0478592   0.638816 -0.0822174
1.8001    0.109783    0.394275 -0.00222838
1.82012 0.0686197   0.53299 0.0403877
1.84011 -0.0831071   0.627734  0.0281392
1.85511    -0.19511    0.726126 -0.00779975
1.87011 -0.0632934   0.713814  0.0173462
1.8901   -0.0865391     0.710925 -0.000950886
1.92012    0.054876     0.80251 -0.00224174
1.94515 -0.107795  0.661022 0.0579604
1.9701 -0.0877633   0.727956 -0.0428276
2.00012 -0.105772  0.897086 -0.243577
2.02517 -0.168647  0.795461 -0.149358
2.04511 -0.0223657   0.696219   0.212527
2.06511  -0.184681   0.702263 -0.0715935
2.10012 -0.122347  0.693309 -0.087651
2.12515  -0.218124   0.690753 -0.0465673
2.1451 -0.235264  0.683887  0.003386
2.17009 -0.153031  0.618356 -0.104352
2.20012 -0.119093  0.519054 -0.228228
2.23008  -0.136172   0.168123 -0.0356948
2.25509 -0.00672006  -0.0335632    0.233563
2.28012 -0.0136288  0.0184815   0.372285
2.30013 -0.0580728 -0.0773455   0.144604
2.31511 -0.272884 -0.176938  0.234018
2.3301 0.0525923 -0.268633  0.164158
2.34511 -0.222596 -0.325256 0.0530817
2.37009 -0.144525 -0.498492  0.108408
2.40012 -0.00660701   -0.578326     0.41427
2.42011 0.00591982  -0.676444   0.419482
2.45009 -0.128943 -0.862062   0.12916
2.4801 -0.124437 -0.792196 0.0776807
2.51011 -0.102125 -0.828777 0.0530134
2.55009 -0.166201 -0.866353  0.242246
2.59009 -0.106222  -0.71961  0.302529
2.63009 -0.0596026  -0.817231   0.367185
2.66012 -0.0840276  -0.651994   0.162336
2.70011  0.0783055  -0.802752 -0.0207695
2.72511  -0.230149  -0.783303 0.00912696
2.74511  -0.241158  -0.758414 -0.0951272
2.78011 -0.0167889  -0.674882   0.248699
2.80012 0.00842769  -0.810093   0.206751
2.82511 -0.104975  -1.05217  0.432295
2.86012 -0.159776 -0.591646 0.0383935
2.88011  -0.124493  -0.591423 -0.0421989
2.9101  0.053836 -0.723113 0.0699231
2.9401 -0.122502   -0.7151 0.0125037
2.9701  -0.139257   -0.47064 -0.0682264
2.9901  -0.113584  -0.556184 -0.0522958
3.02009 -0.0148076  -0.846097   0.244837
3.05009 -0.158147   -0.8359    0.1344
3.07012  -0.156911  -0.571647 0.00370278
3.10009  -0.140696  -0.597176 -0.0310246
3.1201  -0.158942  -0.762284 -0.0953649
3.15009 -0.0901903  -0.598645  -0.264367
3.17009 -0.129163 -0.373195 -0.212784
3.20009  -0.132764  -0.137637 -0.0140607
3.23009  0.0768448  0.0468553 -0.0595834
3.26012 0.104885 0.409279 -0.18828
3.28009  0.110272  0.578253 -0.228438
3.30009  0.142611  0.615686 -0.110015
3.32009  0.103805  0.664514 -0.208882
3.35008 0.0752512  0.841227 -0.059316
3.38009 -0.000776059      0.76119    -0.276572
3.40009 0.0452343  0.733192 -0.325742
3.42011 0.113089 0.785775 0.115675
3.44511  -0.130918    1.04224 -0.0552568
3.4701 -0.0674098    1.00152  -0.159592
3.50011 0.00631135   0.830745  -0.291226
3.53009 -0.0660797    1.02049   -0.07314
3.54511 -0.208898   1.08253 0.0171146
3.58011 -0.0882168   0.863647  -0.152721
3.6051  0.184492  0.946188 -0.131316
3.66012 -0.164919  0.883053 -0.217233
3.69009 -0.078276  0.589325  0.144379
3.7101 -0.015378  0.580712  0.241215
3.7401 -0.121549  0.454033 0.0499698
3.7601 -0.0977431   0.402858   0.013537
3.78011 -0.150522  0.381042 -0.019523
3.81009 -0.168406  0.179906 -0.024807
3.83009   -0.12038   0.119936 -0.0451048
3.8451  -0.205681   0.201042 -0.0382719
3.87009  -0.140362  0.0811081 -0.0897604
3.8901 -0.114798 -0.106609  0.010012
3.91002 -0.00179181   -0.185535    0.176589
3.94013  0.0362463  -0.074996 -0.0901951
3.95511    0.145848    0.194006 -0.00946385
3.98009   0.217003 0.00742629   0.400586
4.00013  0.392698 0.0802178  0.158976
4.03011   0.542615 -0.0564898  0.0246636
4.04511  0.306332  0.219056 0.0667665
4.07009  0.732829 -0.088296 0.0692202
4.1001   0.944029  -0.124575 -0.0402189
4.17009   1.01948 -0.124716 -0.144106
4.2001   0.781687 0.00733082   -0.10741
4.22012  0.774618 0.0896614 -0.046826
4.25008   0.754718    0.11456 -0.0718286
4.28009   0.842456  0.0791709 -0.0758672
4.30016   0.802396  0.0889852 -0.0530212
4.3202  0.524009 0.0805068 -0.110196
4.35011   0.248009   0.116467 -0.0498206
4.36511   0.285739  0.0624017 -0.0126564
4.39006   0.194471  0.0539828 -0.0604474
4.41513 -0.0729128 -0.0937657  0.0172791
4.44013  -0.382839 -0.0649485   0.105486
4.46012 -0.584228 -0.100262  0.101225
4.48011 -0.615994 -0.110296  0.130186
4.4951  -0.726478 -0.0882998   0.165115
4.52513 -1.53156 0.223945 0.110584
4.54511 -1.66504 0.243435 0.204162
4.57009  -1.47344 -0.148536  0.112927
4.60511  -1.27133 -0.221004  0.100089
4.62511  -1.16405 -0.200924  0.058941
4.66011  -1.07979 -0.147651 -0.104568
4.6901  -1.16015 -0.115666 0.0508913
4.72012  -0.994551 -0.0992898   0.265248
4.7601 -0.683733  -0.13439  0.274608
4.79009  -0.934091 -0.0959812   0.409528
4.81511 -1.19271 0.194773 0.116607
4.8451   -1.0516  0.238565 -0.112119
4.87009  -0.824287   -0.11276 -0.0339712
4.91009  -0.803896 -0.0978957  0.0583584
4.94013 -0.964047 -0.147001  0.232497
4.96511 -0.909699 -0.214575  0.246659
4.9901  -0.803884 -0.0915878  0.0983724
5.02012  -0.855479 -0.0568834  0.0930469
5.04514  -0.649271  -0.135122 -0.0158779
5.08011  -0.453174 -0.0593128   0.195448
5.10016  -0.542814 -0.0953707   0.295225
5.1301 -0.506047  0.082124  0.384614
5.1451 -0.549435 0.0998621  0.701789
5.17009 -0.515868 -0.102513  0.108498
5.20016  -0.56574 -0.150301 0.0188571
5.22511  -0.514206 -0.0717533  -0.307249
5.25008  -0.531065 -0.0854838  -0.166472
5.2801  -0.26187  -0.21628 -0.364408
5.30012 -0.112705 -0.221597 -0.344934
5.32014   0.144301  -0.158592 -0.0505084
5.3401  0.377929  -0.14096 -0.117884
5.36012   0.385505  -0.150143 -0.0396748
5.39009     0.611707    -0.163676 -0.000222915
5.40511  0.677907 -0.188983 -0.152483
5.44012    1.00957    0.11159 -0.0635016
5.47011    1.22139 -0.0415808  -0.438698
5.50012    1.2376  0.154245 -0.558885
5.53509  1.08652 0.168994 -0.56274
5.5601   1.23611  0.101636 -0.483833
5.60011    1.16889   0.120583 -0.0483672
5.62511  1.30013 0.186641 0.131852
5.66009  1.21704  0.14515 0.167795
5.69009   1.16392 0.0230989 0.0828301
5.7201  1.10595 0.132158  0.19284
5.76012  1.04371 0.115222 0.158379
5.79008 0.771771  0.13981 0.101864
5.82014  0.779908 0.0603638 0.0570904
5.84013  0.760235  0.056354 0.0587263
5.8701  0.842727 -0.100026 0.0506653
5.90011  0.818097 0.0430488  0.131917
5.9201  0.726365 0.0677284  0.147835
5.94516  0.690847 -0.145246 0.0251341
5.96511   0.713894  -0.182039 -0.0543213
6.00011  0.528904 0.0983951 -0.129026
6.02012  0.351501 0.0502164 -0.116321
6.04012   0.485871 -0.0378034  -0.286652
6.07009   0.312876 -0.0402867  -0.298923
6.09002   0.153462  -0.108104 -0.0139323
6.12013 -0.000868676   -0.0561213    -0.134075
6.15012 -0.439028 0.0777446   0.26625
6.1701 -0.841638 0.0161186  0.268341
6.18509  -1.04104 -0.170765  0.235585
6.20015 -0.982903 -0.094864  0.274381
6.2202 -0.959187  0.051414  0.171779
6.24511  -1.22919  0.168767 0.0929151
6.27009  -1.01859 -0.102004 0.0351072
6.30009  -1.06918 -0.104254 -0.101351
6.33011   -1.07807  -0.161818 -0.0238762
6.36011    -1.08832    -0.15044 -0.00084291
6.40014  -1.17271 -0.124989 0.0525987
6.42516   -1.1469 -0.227104 0.0295582
6.45009  -0.926941 -0.0676039   0.293629
6.4801   -1.09609 -0.0324786   0.269918
6.52012 -1.23348 0.113836 0.157754
6.54511  -1.20339   0.17834 -0.159245
6.58012   -1.01118  -0.101596 -0.0293831
6.62011  -1.16222 -0.110865 0.0152807
6.64511  -1.38204 -0.217153  0.262172
6.68009  -1.19851 -0.137986  0.491435
6.70511 -0.734512 -0.167978  0.186422
6.73009 -0.246131 0.0342088  0.355528
6.74514 -0.184942 -0.308998  0.262852
6.78011 -0.386752  0.074876  0.153991
6.80511 -0.241196  0.194795  0.041231
6.8251  -0.281604   0.275406 -0.0114443
6.86014   0.157188   -0.07723 -0.0504296
6.89012   0.309533  -0.097019 -0.0598894
6.91009  0.578133 0.0442601 0.0421934
6.9251  0.690527  0.133693 0.0584094
6.9401  0.731796 0.0586153 0.0478174
6.9701   1.19595 -0.140117 0.0616864
7.00011   1.45457 -0.133211 -0.006771
7.04011   1.39021 -0.157344 -0.483095
7.0701   1.58492 -0.118187 -0.664694
7.10511   0.747019   0.234028 -0.0648435
7.13512   0.889977 -0.0286586   0.627043
7.16011    1.1298 0.0660302   0.40973
7.1901 0.946839 0.143788 0.170203
7.22011  0.565775  0.165904 0.0478147
7.25001   0.153117  -0.106212 -0.0208643
7.27509 -0.155196 0.0335278  0.411849
7.30009 -0.0797564  0.0665653   0.131032
7.32013 -0.158327  0.143527 0.0872672
7.3401 -0.0945774 -0.0790193  0.0242412
7.36009 -0.0840524   0.123031   0.058617
7.38006 -0.155759  0.136008 0.0499035
7.40012 -0.0995883   0.130017 -0.0760255
7.4301    -0.155813    -0.146812 -0.000285663
7.45511 -0.157539 0.0487892  0.105624
7.48009 -0.188828  0.103458   0.01797
7.50009 -0.182193  0.124394 0.0188141
7.54513 -0.0705006 -0.0609584  0.0168041
7.57011 -0.103564 -0.136213 0.0548138
7.59011   -0.10315 -0.0474183 -0.0498147
7.6101  -0.130333  -0.175587 -0.0470615
7.63009 -0.197816 -0.159949 -0.105458
7.65008  -0.169954 0.00529012  -0.530716
7.67008 -0.00775836  -0.0369284   -0.404719
7.69009  0.0314135 -0.0413591  -0.419925
7.71011 -0.0629432 -0.0840891  -0.346129
7.73012 -0.0505681 -0.0692294  -0.364419
7.75011 -0.0999393 0.00357063  -0.637036
7.76511 -0.0902811 -0.0396737  -0.733011
7.7901 -0.280745 0.0202482 -0.938401
7.80511 -0.282515  -0.01168  -1.14656
7.82511 -0.0640529 -0.0387354  -0.877243
7.8451  -0.033493 -0.0406172  -0.802357
7.8651 -0.0196244 0.00852343  -0.720709
7.88511 -0.319649 0.0496077  -1.11092
7.92011   -0.217677 -0.00322449    -1.24921
7.94011  -0.159767 0.00135913   -1.36463
7.96009   -0.14194 0.00168384    -1.3876
7.99009 -0.111435 0.0643438  -1.34437
8.00516 -0.179073 0.0594438  -1.16749
8.03009  -0.107669 -0.0413497   -1.16098
8.06013 -0.128364  0.060216  -1.28013
8.08011   -0.102999 -0.00790454    -1.41625
8.10009 -0.0970048 -0.0499465   -1.43576
8.12511 0.00990519  -0.031593   -1.10477
8.14511 -0.0224111 0.00152677   -1.06957
8.17009 -0.131496 -0.124847   -1.5701
8.2001 -0.0856985  -0.196625   -1.72456
8.22012 -0.0502012    -0.1094   -1.54466
8.24511   0.0246864 -0.00883808    -1.25311
8.2651 -0.0807585  -0.114999   -1.15429
8.28511 -0.0366776 -0.0794387   -1.21947
8.31011 -0.00150633   -0.211471      -1.619
8.34013 0.0239877 -0.139906    -1.651
8.36012 0.0700426 -0.171494   -1.3251
8.38512 -0.0147262  -0.117832   -1.26873
8.4051 -0.0417976  -0.112828  -0.979378
8.4251 -0.0169191 -0.0864051   -1.00012
8.44516 -0.075523 -0.263521  -1.22902
8.48009 0.0600924  -0.20431  -1.37299
8.50011 0.0713184 -0.153213  -1.12463
8.52012 -0.0231643  -0.151991  -0.635416
8.54011 0.0553751 -0.169206 -0.110693
8.5701  0.143048 -0.157445 -0.042374
8.59011 0.106731 -0.10098 0.125722
8.61008  0.173183   0.13348 0.0723942
8.63009  0.187682 0.0207889  0.828123
8.64511  0.179955 0.0581056   1.18914
8.67009 0.254321  0.15713  1.54088
8.69009 0.197779 0.205087   1.9099
8.72015 0.125461 0.231737  2.03815
8.74017 -0.0170049   0.325883    1.76197
8.77009 -0.172742  0.278727   1.50035
8.79009 -0.0615906   0.267402    1.73276
8.82012 0.0592205  0.263341   2.02682
8.84511  0.42119 0.241912  2.46862
8.87011 -0.0987093   0.489939    2.62484
8.90015 -0.0450111    0.10692    2.62369
8.92517 -0.314544  0.525367    2.5602
8.95009 -0.174998  0.399045   2.32709
8.98012 0.131476 0.342916  2.54312
9.00511 -0.0250744   0.232061    2.58776
9.0251 -0.114383  0.687565   2.55322
9.05009 -0.239427  0.143048   2.68734
9.08009 -0.305691  0.692935   2.65067
9.1051 -0.329589  0.335015    2.3264
9.1251 -0.107271  0.394757   2.17439
9.15516 -0.0940899   0.170281    2.36061
9.22009 -0.189966  0.237761   1.49806
9.24009 -0.0875466   0.138903    1.49497
9.26509 -0.225553 0.0643575   1.25679
9.28511 -0.154724  0.228982  0.862205
9.30511 -0.0854547  0.0892575    1.13541
9.32511  0.0659817 -0.0301451    1.66215
9.34511 -0.152795   0.12736   2.19114
9.37009 -0.25382 0.161841  1.71194
9.40012 0.0195071 -0.137561    1.9151
9.42012  0.205294 0.0220669    2.0718
9.4501 0.0541656  0.033293   1.94156
9.48012  0.175166 0.0285547   1.62389
9.5051   0.119941 -0.0825996    1.40293
9.53011 0.0955025  0.102748   1.20917
9.55013 0.0572406  0.171426  0.971244
9.56514 0.120466 0.156502   0.4022
9.58513 -0.110543 0.0921031  0.642139
9.60514 -0.211995  0.266353  0.121427
9.6251 -0.255635  0.243932 0.0436032
9.65011 0.00870641  0.0855829  -0.879444
9.66509   0.056734 -0.0243904   -1.28856
9.69008   0.124666 -0.0449782    -1.5843
9.72011 -0.0373059 -0.0116641   -1.91011
9.74011  -0.152024 -0.0367466   -2.09576
9.7701  0.0556108 0.00517534   -2.14459
9.79008 -0.0981641 0.00303831   -2.02261
9.82016 -0.0139888 -0.0456673   -1.96245
9.8401 -0.0484018 0.00686815   -1.66364
9.87009 -0.204243 0.0636261  -1.47951
9.88512  -0.244814 0.00683671   -1.67184
9.91009 -0.217224   0.26468  -2.00245
9.94011 -0.0559702  -0.107571   -2.47427
9.96509 -0.0818728  -0.132492   -2.70138
9.98509  0.408031 0.0972756  -2.71364
10.0051  0.441623 -0.358285   -2.7733
10.0401  0.083174 0.0323682  -2.53446
10.0701  -0.123877 -0.0143775   -2.23075
10.0901 -0.0269024 -0.0925676   -2.15648
10.1202 -0.0107476 -0.0291632   -2.18072
10.1501 -0.00810482  -0.0850704    -2.32407
10.1801 -0.0175231  0.0365717   -2.20023
10.2001 -0.0159281  0.0514313   -2.19099
10.2251   0.13316 0.0217752  -2.09246
10.2501  0.159138 -0.184095  -1.89463
10.3202 -0.0257316  -0.113389   -1.89849
10.3401   0.122331 -0.0461336   -1.93799
10.3701  0.131581 -0.061112  -1.92233
10.3851  0.210839 0.0496893  -1.84697
10.4051 0.0762442  0.135182  -1.85015
10.4401 -0.0593197  0.0425434   -2.58649
10.4601  0.248574 -0.105959  -2.47644
10.4901 0.0483275 -0.172246  -2.20777
10.5051 0.0883205 -0.159275  -1.92643
10.5401 -0.0362832 -0.0209972   -1.50031
10.5701 -0.0529544 -0.0785126   -1.66556
10.6001    0.1682 0.0198351  -1.65524
10.6401   0.142713 -0.0132934  -0.931314
10.6801  0.135587 -0.127202 -0.219903
10.7001   0.120955  -0.119386 -0.0943195
10.7201    0.307761 -0.00436218    0.388044
10.7501 0.0385261 -0.140095   0.66689
10.7651  0.222668 -0.111447   0.16499
10.7901  0.333401 0.0206522  0.538611
10.8051    0.143042 -0.00138291     0.89283
10.8252   0.174287 -0.0545042    1.12381
10.8501  0.409949 0.0328403    1.8685
10.8801  0.531232 0.0403173   2.55949
10.9001 0.0946372  0.256751   2.78106
10.9251  0.0932794 -0.0344611     2.8347
10.9501  0.197433 -0.269895   2.95298
10.9802 -0.364013  0.100893   3.00487
11.0101 0.106325 0.233679  4.04236
11.0401 0.00675618   0.363514    3.69016
11.0701 0.337032 0.456129  2.82202
11.1001 -0.120269  0.308716    2.7885
11.1201 0.138713 0.663067   2.6526
11.1551 0.0560142  0.242189   2.55413
11.1801 0.161662  0.32562   2.4806
11.2101 0.0119064  0.384618   2.17944
11.2401 -0.107821  0.281438   1.73412
11.2601 -0.0956529   0.274556    1.41113
11.2851 -0.0907297   0.360863   0.830959
11.3101 -0.0978478    0.32704   0.144061
11.3301 -0.0954225   0.191373 -0.0578093
11.3601  -0.14629  0.215924 -0.485055
11.3801 0.0155884   0.17199 -0.411063
11.4101 0.0665949  0.106852  -0.31911
11.4301 -0.0689777   0.107667  -0.234973
11.4451  -0.233167  -0.189642 -0.0612852
11.4701 -0.124223 -0.415802  -0.10532
11.4901   0.113698  -0.734316 -0.0706956
11.5201  0.141089  -1.45592 0.0088351
11.5451  0.197905  -2.17929 -0.122694
11.5801 0.218321 -2.57235 0.302787
11.6201 0.0815497  -2.11652 0.0514999
11.6601 -0.328302  -1.11398 -0.686369
11.6801 -0.465815 -0.384883  -1.06296
11.7101 -0.282886  0.686773 -0.942867
11.7301 -0.236973   1.16844  -1.11029
11.7601 -0.174108   1.67868 -0.643231
11.7901 -0.230709   2.54287  -0.83571
11.8301   0.127742    2.52508 -0.0380138
11.8601 0.280522  2.30543 0.063224
11.9002 -0.0332704    2.08138  -0.111843
11.9251 -0.236183   1.78637 -0.397602
11.9601 -0.135785   1.32803  -0.80825
11.9901 -0.128815   1.00191 -0.614801
12.0202 -0.118383  0.505955 -0.134456
12.0451  -0.212628 -0.0313906 -0.0549148
12.0701 -0.109029 -0.831584  0.352902
12.1001 -0.234377  -1.89943  0.846911
12.1301 0.0527751    -3.066  0.885116
12.1801 0.164242 -2.75152  1.24092
12.2201 0.146398 -1.37746 0.536037
12.2501 0.208816 -0.82666 0.384907
12.2801   -0.102307   -0.616602 -0.00350517
12.3001    -0.149916    -0.159731 -0.000129915
12.3201  -0.138391   0.281309 -0.0120974
12.3451 -0.222057   1.01457 -0.166209
12.3701 -0.0202457    1.66135  -0.240485
12.4001 -0.271862   2.48177 -0.491755
12.4401 -0.573757    2.6218  -1.02396
12.4801 -0.186356   2.41202 -0.667681
12.5201 -0.120188   1.27802 -0.361408
12.5451 -0.211698  0.827846 0.0551936
12.5701 -0.0342196   0.247724   0.516887
12.5901 -0.110591 -0.691179  0.653726
12.6202 -0.114705  -1.73998   1.15349
12.6551 0.113123 -2.97517  1.16934
12.6851 0.217437 -3.24125  1.05025
12.7201 -0.109693  -3.27629   1.32235
12.7601 -0.0896812   -1.87106   0.573083
12.7901 -0.0842315  -0.861762  -0.553559
12.8202 -0.263311   0.39226  -0.95748
12.8401 -0.264309   1.15952 -0.830772
12.8651  -0.25373   2.34016 -0.971433
12.8851 -0.0285819    3.10477  -0.657448
12.9202  0.266084    3.3883 -0.419911
12.9601  0.148886   2.67833 -0.757629
13.0001 -0.322456   1.57233 -0.461359
13.0301 -0.325432  0.712664 -0.265689
13.0601 -0.130202 -0.155297  0.137758
13.0801 -0.253847 -0.598544  0.538272
13.1001 -0.471752  -1.03925  0.527478
13.1301 -0.479003  -1.77865  0.452309
13.1651   0.1497 -3.09374 0.656397
13.2001 -0.0783423   -2.66093   0.558451
13.2401 -0.243885  -1.35254  0.153198
13.2701  -0.142098  -0.749616 -0.0696372
13.3001 -0.322915  -0.01236 -0.402837
13.3201 -0.252284  0.676487 -0.527725
13.3451 -0.192561   1.60127 -0.356618
13.3651 -0.0169071    2.01731  -0.806936
13.4001 0.0819573   2.22938 -0.349272
13.4401 -0.127124   2.35574 -0.512309
13.4651 0.0208201   1.83755 -0.428332
13.5001   0.01308   1.12006 -0.357635
13.5301  0.25359 0.461404 0.244644
13.5501   0.24666 -0.263193  0.777306
13.6001 -0.0286197   -2.67866    1.54135
13.6401 -0.247865  -3.29773   1.25157
13.6801 -0.0148894   -2.70644   0.402381
13.7201 0.0755826  -2.14728  0.511765
13.7601 -0.430575 -0.805679 -0.321356
13.7851  -0.256692  -0.233719 -0.0314394
13.8101 -0.213927  0.763562 -0.385051
13.8301  -0.31114   1.57236 -0.321801
13.8701 -0.381014   2.88502 -0.310656
13.9201 0.0769232   2.26272 -0.242288
13.9601 -0.471322    1.1248  0.133137
13.9851 -0.701255  0.279125  0.138056
14.0201 -0.711386 -0.341878  0.127458
14.0501  -0.833972  -0.344673 -0.0508715
14.0801 -0.781842 -0.291827 -0.270358
14.1101 -0.666939 -0.681756 -0.525081
14.1402 -0.230487 -0.975295   -0.7353
14.1701  0.802649 -0.741214 -0.366035
14.2001   2.11115 -0.557299  0.197218
14.2451   3.44348 0.0942986   1.08575
14.2701  2.79022 0.407749  0.51471
14.3201 0.875713 0.471911 0.223076
14.3501 -0.540343  0.510154  0.957516
14.3701 -1.61412 0.666736 0.524973
14.4001   -3.39463   0.354854 -0.0905653
14.4401  -4.43834 -0.664109 -0.219557
14.4901  -2.76419 -0.199804  -1.79356
14.5251  -1.01132 -0.135672 -0.904833
14.5501 0.0690449 0.0241397 -0.605844
14.5801    1.59909 -0.0867934   0.940421
14.6101   2.71769 -0.344639   1.11869
14.6501  2.85118 0.284124  1.27684
14.6901  1.69258 0.689908 0.347609
14.7301 0.808008 0.382707 0.292289
14.7601 -0.169178  0.421186  0.472135
14.7801 -1.00648 0.160962  0.19152
14.8101   -2.1864 -0.124204 0.0459374
14.8451   -2.6381 -0.323693 -0.438851
14.8801   -3.04709 -0.0819146  -0.155968
14.9201  -2.65613 -0.756167  -0.46885
14.9501  -1.08527 -0.342294 -0.629294
14.9801   1.03378 0.0608787 0.0198817
15.0501  3.60452 0.178954 0.334138
15.1001  3.16676 0.694094 0.542002
15.1602 0.555668 0.534379 0.432191
15.1901 -1.07092 0.589018 0.307196
15.2201 -2.82859  0.28934 0.271713
15.2651  -4.01026 -0.709303  0.189329
15.3002  -3.33055 -0.561803 -0.673652
15.3401 -0.654316 -0.140438  -1.14988
15.3601  0.748151 0.0731291  -0.22449
15.3901   1.15735 -0.132757  0.128516
15.4401   2.40389    0.2067 0.0967334
15.4801  2.98151 0.326296 0.216932
15.5201    2.2321 0.0481962  0.525058
15.5601  0.624607 0.0630155  0.681653
15.5901 -0.556808 -0.337014  0.871729
15.6201  -1.78196 -0.608624  0.828269
15.6501  -2.34616 -0.194387 -0.200761
15.6851   -1.48838 -0.0868884  -0.702932
15.7202 -0.171555  0.344012 -0.816894
15.7451  0.220183  0.258272 -0.112409
15.7651   0.197903   0.200968 -0.0138183
15.7901 -0.0210316   0.289069   0.363822
15.8101 -0.0315396   0.108629   0.355109
15.8301  0.274707 0.0809392    0.3129
15.8451 0.238266 0.211939 0.099545
15.8801   0.39014 0.0592417 -0.062583
15.9001   0.103173  -0.113736 -0.0280882
15.9201   0.132753  -0.140746 -0.0551125
15.9451  0.264776 -0.234844 -0.177962
15.9701  0.176685 -0.228101  -1.01593
15.9901 0.207744 -0.29569  -1.6133
16.0202  0.243153 -0.410052  -2.62081
16.0501 -0.056685 -0.217905  -4.06413
16.0801 -0.236911 -0.198017  -4.94786
16.1051 -0.328065 -0.273014  -5.14409
16.1401 -0.348303  -0.28869  -5.19888
16.1701 -0.294011 -0.279232  -4.02496
16.2001  -0.413752 -0.0235693   -1.33833
16.2401 -0.195894   0.31227   2.97938
16.2651 0.0276426  0.481686   6.20974
16.3001 0.498346 0.505812  7.76923
16.3401  0.60185 0.817554  7.43395
16.3801  0.10919 0.556609  5.05854
16.4101 -0.352712   1.00638   2.33316
16.4401  -0.52031  0.484679 -0.687612
16.4651 0.00781005   0.288425   -2.95533
16.4901 0.0621549 -0.214974  -5.30192
16.5201 0.0734362 -0.367839  -6.78105
16.5601 -0.0134712  -0.509377   -7.28267
16.6001 -0.173389 -0.293127  -5.25845
16.6301 -0.232486 -0.574717  -2.86932
16.6601  0.0186562 -0.0786467   -0.45744
16.6801 0.166997  0.10656  1.68345
16.7001 -0.171095   0.20585   2.78331
16.7301  0.265253 -0.085392   4.69507
16.7551   0.859204 -0.0280938    5.73728
16.7801 0.742323 0.196117  6.73596
16.8201 0.365532 0.310607  6.33651
16.8451 0.262764 0.335851  5.73591
16.8801 -0.00313084    0.706687     4.07313
16.9051 -0.512749  0.826245  0.658753
16.9401  -0.338597 -0.0199952   -4.86462
16.9701  -0.20286 -0.290278  -7.42225
17.0001 -0.274801 -0.317873  -8.11181
17.0401 -2.89303 0.479479 -1.07458
17.0801 -0.123954 -0.217675  -1.27955
17.1001  0.319372 -0.116462   1.47379
17.1151   0.508863 -0.0617124    2.52926
17.1401  0.511785 -0.124993   3.89708
17.1701  0.323065 -0.175555   4.98712
17.2002 0.420335 0.079405  5.79694
17.2401 0.405596 0.658671  5.86456
17.2701 -0.102864  0.112369    4.7967
17.3202 0.245268 0.568846  3.09134
17.3451 -0.541173  0.659536  0.355616
17.3801 -0.575394  0.477432  -4.00922
17.4051 -0.276613  0.212421  -7.16095
17.4551 -0.0784061   -0.15787   -8.35294
17.4851  -0.266636 -0.0232212   -6.62877
17.5201 -0.190738 -0.231385    -2.605
17.5401  0.140618 -0.142884  0.123748
17.5601  0.881402 -0.333263   2.69229
17.5901  0.661429 -0.225933     5.558
17.6201   0.531073 -0.0986697    6.78691
17.6551  0.320924 -0.062422    6.4355
17.6851 0.516177 0.242611  5.09935
17.7051 0.492165 0.364533   3.8674
17.7251 0.292043 0.450518  2.17065
17.7601 -0.235123  0.604409   -2.0388
17.7801 -0.389733  0.322634  -4.57544
17.8201   -0.26792 -0.0513935   -7.57516
17.8601 -0.0925721  -0.185994   -7.70959
17.9051 -0.349631  0.097407  -4.89778
17.9401 -0.0980812   0.170688   -2.01001
17.9601 -0.00211635    0.143888   -0.742322
17.9801   0.147951 -0.0116768   0.852338
18.0101 0.0532349 -0.257975   2.39649
18.0301 -0.0160368  -0.427088    4.10916
18.0601  0.349626 -0.304801   6.58444
18.1001 0.357932 0.124487  7.74223
18.1501  0.269097 0.0111293   6.01888
18.1751 0.365335 0.314377  4.41209
18.2001 0.207244 0.302663  2.15155
18.2301  0.378801  0.128519 0.0748833
18.2601 0.167071 0.225537 -1.42551
18.2801 -0.00577005  -0.0924692    -2.16286
18.3101 -0.0679386  -0.140264   -2.29684
18.3251  0.0150188 -0.0169853   -2.21634
18.3501  -0.103965 0.00846944   -1.81571
18.3751 -0.025555  -0.26122 -0.953094
18.4001 0.0891382  -0.50028 -0.159037
18.4301 -0.0104387  -0.712556   0.363936
18.4601 -0.110721  -1.13085  0.356153
18.5001 0.379635  -1.3344 0.855972
18.5401 0.869083 -1.12761  1.53391
18.5701  1.25682 -1.25926  2.19521
18.6101   1.29606 -0.704104   2.04784
18.6401   0.863268 -0.0319134    1.10114
18.6701  0.204323  0.777045 -0.913286
18.7001 -0.595811   2.04373  -2.80941
18.7301 -1.28751  2.93473 -3.51551
18.7801 -0.663733    2.1128   -4.1807
18.8201 0.219158  1.70804 -3.39252
18.8551 0.928884  1.11292 -2.24564
18.8801   1.3978  1.05903 -1.57457
18.9201   1.75531  0.337794 -0.151481
18.9451   1.51662 -0.187783  0.916913
18.9801  0.959027 -0.859237   2.90493
19.0051 0.496462   -1.235  3.79016
19.0301 -0.723994  -1.22759   4.05212
19.0701   -3.3167 -0.837836   2.86745
19.0951  -4.42888 -0.184369   1.96373
19.1401  -2.80342 -0.153326 0.0482225
19.1801  -1.47221    0.4374 -0.589864
19.2051  -1.66301   0.67748 -0.734376
19.2351 -1.66808 0.799355 -1.06223
19.2701 -0.994701  0.780697  -1.34883
19.3001 0.193923  1.23586 -1.78713
19.3251  1.12386  1.47776 -2.16534
19.3501  2.10441  1.16762 -1.83251
19.3851   2.49605  0.682292 -0.424126
19.4201  2.33367 0.508419 0.757699
19.4601    2.6711 -0.305727   1.78992
19.5001    2.2462 -0.671868   2.61065
19.5351  1.40267 -0.66591  2.88193
19.5601  0.571422 -0.996928   3.22485
19.5901 0.0343385  -1.12687   4.07872
19.6201 -0.926272 -0.832857   3.54422
19.6501  -1.83886 -0.429634   2.44387
19.6851  -2.49868 -0.287644   1.11401
19.7201  -3.16446  0.610829 -0.258518
19.7601 -2.95125  1.19935 -2.28611
19.8001 -1.40621  1.66071 -3.18431
19.8401 -0.979306    1.8129  -3.60578
19.8651 -0.558775   1.91265  -3.39618
19.9001 0.225333  1.92699  -2.9333
19.9252 0.911826  2.38584 -2.63079
19.9451 1.63404 2.32356 -1.7838
19.9801   1.90035   1.41506 0.0659226
20.0251  1.43847 0.736691  1.63042
20.0601   1.5341 0.134663  2.11215
20.0901   1.63271 -0.793734   2.95675
20.1301 0.936549 -1.29659  3.70111
20.1601 -0.0433853    -1.5561    4.40776
20.2001 -1.14526 -1.74102    4.724
20.2401  -1.63252 -0.540005     2.854
20.2801 0.379231 -0.65842  2.41716
20.3001 0.136815 -0.18989  2.49903
20.3301 -0.847953  0.194259   1.56288
20.3601 -0.0899087   0.590586   0.505071
20.3801 0.099884 0.559483  -0.3566
20.4101 -0.362698  0.638592  -2.54041
20.4401 -0.127848  0.575817  -3.98224
20.4701 -0.375612  0.372618  -5.24095
20.5001  -0.295339 -0.0107175   -5.96769
20.5401 -0.494999 -0.998104  -2.79924
20.5701 -0.344483 -0.349912  -1.63379
20.6001 -0.449133 -0.627792 -0.713631
20.6301  -0.193209  -0.864891 -0.0184731
20.6501  -0.348394  -0.864282 -0.0310406
20.6801 -0.766302  -1.21089  0.191739
20.7201 -0.341622  -1.87042  0.387546
20.7451 0.260099 -1.71465 0.504855
20.7801  1.03485 -1.19759  2.48394
20.8051 1.20231 -0.8625 2.56264
20.8252   1.48655 -0.142402   2.45345
20.8601  2.13362 0.231453  2.10894
20.8901 2.08609 1.60721 1.28138
20.9202  1.84526  2.77521 0.314483
20.9601    2.0067   1.71552 -0.804698
20.9851  1.66147  1.13032 -1.01484
21.0201   1.23399  0.687353 -0.714567
21.0451    1.17051   0.301818 -0.0973075
21.0701    1.1991  0.242964 0.0118915
21.0901   1.19514 0.0984469  0.085243
21.1201  0.928598 -0.162262   1.04051
21.1401  0.718691 -0.377134   1.66744
21.1701    0.334866 -0.00607354     1.24047
21.1901 -0.109823  0.129002  0.754834
21.2151 -0.563787  0.452137  0.798615
21.2401  -1.64921   1.08234 0.0637356
21.2701 -2.56687  1.64634 -1.57789
21.3001 -3.29747   2.0621 -2.83624
21.3401 -4.20964  1.34356 -3.58312
21.3801 -2.20711 0.209825 -4.18558
21.4201 -1.41314 0.371719 -2.29538
21.4601  -1.15727  -1.11739 -0.914411
21.4851  -1.29421      -1.9 -0.441366
21.5251 -1.07772 -2.47863 0.473772
21.5701 0.0609933  -2.29103   1.75769
21.6051  1.29524 -2.09437  2.88468
21.6401  2.78977 -2.33424   2.7927
21.6801   3.30015 -0.830908   2.53309
21.7252  2.15099  0.25701 0.925706
21.7501    1.35686   0.682673 -0.0637857
21.7851 0.663555 0.989567 -1.27707
21.8201  0.44922 0.258435 -1.85355
21.8452   0.213779 -0.0658113   -1.37385
21.8651 0.0325037 -0.410476 -0.731044
21.8901 0.0740282  -1.07158 0.0696635
21.9201 -0.341469  -1.60784  0.842432
21.9551 -0.0200243   -1.47984    1.69946
21.9801 0.0992619 -0.927244   1.46209
22.0051  -0.16061 -0.670104  0.515902
22.0401  -0.54945 -0.153037  0.152587
22.0601 -0.441713  0.256639 -0.900364
22.0801 -0.439211  0.736994   -1.3629
22.1101 -0.558753   1.85453  -2.47856
22.1401 -0.410453   3.11537  -2.78794
22.1801 0.179017  2.21149 -2.90428
22.2201 0.566036  1.69645 -1.43815
22.2501   0.371247   0.690765 -0.0828503
22.2801 -0.033955  0.401851  0.756565
22.3101 -0.253198 -0.123783  0.580533
22.3301 -0.152277 -0.575156   0.14091
22.3501 -0.190939 -0.795283 0.0882529
22.3801 -0.595422  -2.05214  0.570031
22.4051 -1.53829 -3.01735  1.00672
22.4401 -1.67652 -3.17313   1.1861
22.4801 -0.694137   -1.9512  0.784278
22.5101 0.370626 -1.10893 0.252801
22.5401  0.52104 0.128204 -0.16252
22.5601  0.470479  0.742403 -0.680906
22.5851  0.572081   1.47728 -0.945347
22.6051  0.598074   1.73782 -0.714775
22.6401 0.949648  2.36405 -1.37464
22.6651  1.32411  2.02364 -1.98969
22.7001  1.58551  1.05214 -1.99623
22.7251  1.79634  0.77771 -1.80672
22.7901  1.99138 0.166155 0.393829
22.8202    1.42359 -0.0946413    2.87181
22.8501  0.193724 -0.390564   5.39149
22.8801 -1.32664 -1.10192   5.7018
22.9051  -2.14937 -0.857689   4.74461
22.9251   -2.0043 -0.318648   4.45722
22.9601 -1.51452 0.833743  3.70778
22.9851 -1.55667  1.27338  1.28327
23.0051 -1.27373  1.54634 -1.24102
23.0402 -0.765897   1.79495  -5.16295
23.0801 -1.15486  1.93547 -5.73785
23.1201 -1.95367 0.958141   -5.548
23.1551  -1.22533 0.0300935  -4.97856
23.1801  -0.618943 -0.0835183   -2.67321
23.2251 0.0483185 -0.372818   -0.7598
23.2501 -0.300279 -0.684868 -0.134302
23.2801 -0.930814  -1.51203   1.39627
23.3201 0.669289  -1.5981  4.57382
23.3452  1.51708 -1.20946  6.56755
23.3801   1.40207 -0.886544   8.09818
23.4101   2.28357 -0.548334   3.67933
23.4451  1.23418 0.482575  2.56975
23.4651 0.533971 0.518308  0.68721
23.5202 -0.0218191    1.96386   -3.89684
23.5602 -0.312367   1.56272  -5.82192
23.5901 -1.28759 0.170468 -6.94449
23.6251 -0.993426 -0.590392  -5.18181
23.6601 -0.414747  -1.03341 -0.854078
23.6901 -0.606409  -1.49606   1.93631
23.7202 -0.989588  -1.44092    3.3337
23.7601 -0.301327 -0.959204   2.53358
23.7901  0.282597 -0.871683   2.09237
23.8301  1.09495 0.113048 0.541732
23.8651   2.31707   1.52931 -0.418095
23.9001  2.54714  2.52451 0.687208
23.9401 1.85065 2.07753 1.52665
23.9801 1.19287 1.67593 2.24234
24.0051 0.391365  1.23761   3.1518
24.0251 -0.536818   1.33032   3.85847
24.0501 -1.67404  1.10861  3.49014
24.0801 -2.91739 0.509896  2.25272
24.1201 -3.03257 0.822346 0.239333
24.1701 -1.69656 -1.37085 -2.81456
24.2101 -2.17225 -2.15072 -3.36176
24.2601 -0.67734 -1.15118 -3.07004
24.2901 0.445424 -1.19333 -1.26342
24.3201  1.61194 -1.21131 0.125674
24.3601   2.32645 -0.374836  0.898542
24.4001  3.22435  1.62273 0.113251
24.4401  3.21173  1.94918 0.893745
24.4851  2.18355  1.45219 0.579745
24.5051  1.63441  1.25442 0.255857
24.5401  0.873755  0.955591 -0.727782
24.5701 -0.143033  0.291187  -2.00229
24.5901   -0.614843 -0.00444356    -2.46796
24.6201  -1.29626 -0.268822   -2.8283
24.6451  -2.08274 -0.913137  -3.25006
24.6651 -2.61972  -1.2785 -3.25791
24.7001 -1.90501 -2.19558 -4.09553
24.7401 -0.638102  -2.26205   -3.7256
24.7801 0.107163 -1.53465  -1.1032
24.8051 0.927883 -1.29814  1.48312
24.8401  1.59889 -1.59712  4.22535
24.8801 1.45281  -1.153  5.3318
24.9101   1.07506 -0.787558   5.61864
24.9401   1.33125 -0.449316   4.54395
24.9651  1.35061 0.450306  4.72878
24.9851 0.790156 0.736233   4.6526
25.0052 0.534641  1.29608  2.66923
25.0401 0.797316  1.17652  1.21874
25.0701 0.439833  2.33049  -1.2782
25.0951 0.514816  3.45784 -2.74087
25.1401  1.57025  1.85438 -4.33175
25.1901  1.73511  1.20981 -3.26152
25.2202  1.11836  1.06325 -2.60439
25.2601 -0.129036  0.321534  -2.15728
25.2901  -1.35495 -0.511237  -1.36761
25.3051  -1.99475 -0.869821  -1.20813
25.3401   -3.25293   -2.32064 -0.0804864
25.3801  -4.09195   -3.2861 -0.178329
25.4301  -1.29623  -2.07343 -0.420823
25.4651 -1.02013 -2.49539  1.13238
25.4951  1.12397 -2.77788  2.28948
25.5301  2.99858 -2.67159   3.8775
25.5651  2.93459 -1.90943  3.69036
25.5901 2.60922 -1.7549 2.25825
25.6301    1.8437 -0.283306   1.79882
25.6601  1.03321  1.64264 -1.44182
25.6901 0.0174439    3.8917  -3.93592
25.7301 0.935914   4.4868 -2.28633
25.7801 -0.0290025    1.09424    -6.1413
25.8201 -0.278706 -0.216229  -4.80491
25.8501  -0.44755 -0.810541  -3.62503
25.8851 -0.419997  -1.48566  -3.35597
25.9201 -0.312219  -1.10739  -2.84689
25.9501 -0.241816 -0.740545  -2.47476
25.9701 -0.308985 -0.702985 -0.646837
26.0001 -0.285526 -0.920101   2.84101
26.0251  0.668649 -0.848128   6.53774
26.0601 0.0666486  -1.00573   6.32395
26.1001 -0.065155  -0.42209   5.70966
26.1301  0.430185 0.0203081   6.61897
26.1701  0.30812 0.654883  5.93051
26.1951 -0.287818  0.922692   5.48035
26.2301 -1.38057 0.650186  3.79659
26.2601  -1.64916 -0.386093   1.62864
26.2851  -1.73507 -0.871716 -0.905519
26.3201  -1.62045 -0.341573  -4.76146
26.3451  -2.12586 -0.440219  -5.79715
26.3801  -2.2313  0.81938 -6.37195
26.4101 -1.57187  1.43001 -7.09116
26.4501 -0.246327   1.55772  -6.55643
26.4801 0.733873  2.65337 -3.94368
26.5151  2.15402  3.84724 -1.43701
26.5501    2.3149   2.28644 -0.934517
26.6001 1.24135 1.00843 1.15027
26.6301  0.671351 -0.257649   5.29564
26.6601  0.211121 -0.609005   8.57149
26.7001 -0.260924  -2.07415   6.41673
26.7301 -3.20187 -1.99312  4.44721
26.7701 -0.822365  -1.63665   7.47478
26.8101 -0.83506 -2.02921  5.08153
26.8401  -0.51752 -0.756593   2.46924
26.8701 -0.204481 -0.529711  -1.37386
26.8951  -0.947648 -0.0631566   -3.94686
26.9201 -1.78052 0.730043 -3.69519
26.9401 -2.07832  1.27386  -3.6859
26.9651 -2.15351  2.32517 -3.02305
27.0001 -1.78306  3.08795 -4.24888
27.0251 -0.330356   4.34483  -4.40682
27.0801 0.878729  1.96505 -3.22238
27.1201 0.705711 0.957986  1.10573
27.1501 -0.426402  0.664405   3.17191
27.1801 -2.10262 -0.73346  3.60576
27.2201 -3.71946 -1.72465  3.44982
27.2701 -2.10471 -1.39267  1.15644
27.3002  -1.66253 -0.245641 -0.776461
27.3801 -0.403855 -0.484553  -2.45695
27.4051   1.12781 -0.619789 -0.638431
27.4251   1.64849 -0.684098  0.187664
27.4451  2.52768 -1.35756  2.05561
27.4801  3.81541 -1.97743  3.47355
27.5202  4.23657 -1.08394  1.80817
27.5601   2.82434 -0.474481   1.89363
27.5901 1.44081 0.26499 2.29351
27.6201 0.0533269   1.09702 -0.454477
27.6401 -0.365998   1.30084  -1.91261
27.6801 -0.262857   1.50131  -3.18951
27.7051 -0.127876    1.8786  -4.06067
27.7251 0.056618  1.26281  -4.8091
27.7601 -0.0897924    0.25418   -4.35571
27.7851  0.270836 -0.275901  -2.99413
27.8201 -0.00800696     0.38886    -2.85664
27.8501 -1.03232 0.413237 -2.01075
27.8701 -1.99076 0.353624 -1.87273
27.9051  -3.48616 -0.238555  -1.28547
27.9401  -3.72785 -0.339654 -0.409494
27.9801  -2.37607 -0.731519   1.08042
28.0202 -0.918227 -0.890078   1.66623
28.0501   0.59402 -0.667565   2.78955
28.0801  2.15842 -1.43797  3.10446
28.1101   3.2564 -1.83976  3.72491
28.1402    3.1394 -0.927879   3.57378
28.1801  2.02424 0.357342   3.5653
28.2201  1.02079 0.822508  2.17539
28.2451 0.562539  1.71255 0.565861
28.2701 0.602827  2.40633 -1.87883
28.3051 1.00366  2.4235 -3.8717
28.3801  1.44056 0.791328 -4.92237
28.4101    1.581 0.673461 -3.90543
28.4501   1.01629 -0.118519  -2.19311
28.4651  0.412497 -0.517594  -1.52713
28.5001 -1.10977 -2.01399  1.22671
28.5251 -2.37852 -2.53046  2.68106
28.5601 -2.41663 -2.96194  3.05482
28.6001 -1.83593 -1.57261  3.29737
28.6401  -1.88841 -0.113059  0.952371
28.6801 -1.41819 0.846086 -2.17683
28.7202 -0.650946  0.675051  -4.03171
28.7501 -0.0473072   0.591767   -4.09604
28.7901 0.592538 0.582826 -2.72793
28.8201  0.737291  0.785351 -0.614422
28.8601 1.62943 1.19394 2.10086
28.9001  1.66312 0.297554  4.51137
28.9401    0.4347 -0.876659   5.58941
28.9801 -0.362233  -1.75063   5.09406
29.0051 -0.114725   -1.5746   3.80554
29.0401 -0.01806  -1.4554  1.09834
29.0701 -0.0211809  -0.942762   -1.53893
29.1001 -0.764014 -0.639118  -2.77478
29.1251 -0.820602  0.296973  -5.07576
29.1451 -0.576626  0.584487  -5.85799
29.1801 -0.745829   1.00251  -7.37688
29.2101 -0.57933  1.94723 -7.63072
29.2601 0.587626  2.42728 -4.39493
29.3001  0.942865   1.03041 -0.367594
29.3301 0.395002 0.729796  2.35302
29.3601 -0.0789266 -0.0973366    4.15603
29.3851 -0.679195 -0.927724   5.52216
29.4201 -2.57006 -2.19467  4.74101
29.4601 -3.94369 -2.74245  3.55176
29.5101 -2.45086 -0.52033  2.96583
29.5401 -0.905472  0.276089   1.48275
29.5701 -0.521701  0.497932   -2.7835
29.6001 -0.219218  0.555097  -5.36331
29.6251 0.320117  1.36252 -6.05114
29.6601 0.820753  1.94563 -5.64608
29.7001 0.859905  1.32832 -4.18771
29.7301  1.42381  0.96114 -2.23897
29.7701    1.5484  0.567222 -0.128641
29.8001 0.795762 0.112317  1.55263
29.8251  0.385089 0.0661972   2.48522
29.8601  0.631791 0.0436044   4.10925
29.8851  0.387495 -0.204792   5.59226
29.9401 -0.885131  -1.32701   5.59454
29.9801 0.287569 -1.42655  3.34377
30.0051    1.2289 -0.346857  0.876491
30.0301 0.661437 0.261386 -2.11945
30.0601 0.285697 0.986841 -5.03195
30.0851 0.273281  1.96759 -5.03016
30.1201 -0.166502   1.87376  -5.02529
30.1601 0.420933  1.65537 -3.76115
30.1901 0.824715  1.63859  -2.1556
30.2202 0.571472  1.26052 -1.63605
30.2601  -1.05671   0.42565 -0.866851
30.2851  -1.98078 -0.775863  -0.18131
30.3101 -2.33209 -1.44495 0.740256
30.3601 -2.60994 -2.44052  2.54754
30.4051 -2.53588 -3.10939  1.82629
30.4301 -0.980375  -2.16539   2.53719
30.4651  1.55885 -1.49197  2.78369
30.5051  2.07437 -1.11335  2.29712
30.5401   2.68995 -0.767432   1.77693
30.5651    2.98157 -0.0306726    1.04294
30.6001  1.92291  2.17202 -1.44153
30.6301 1.04815 3.61586 -3.4823
30.6801 0.0379619   1.93943  -4.67421
30.7052 -0.625203   1.31272  -4.57594
30.7401 -0.760125  0.207408  -3.27667
30.7701 -1.16824 -0.38327 -2.28503
30.8001  -1.20635 -0.823511  -1.38056
30.8601 -1.70094 -2.67711  1.07108
30.9051 0.00515438   -2.78364     2.8862
30.9252  1.19796 -2.64954  4.42358
30.9601 0.696148 -1.63582  4.67319
31.0001   1.14422 -0.420967   2.19744
31.0252   1.53654  0.729721 -0.263906
31.0451  0.95598  1.60597 -2.06195
31.0801 0.425401  2.38891 -3.38558
31.1051 0.425722  1.84589 -3.42705
31.1402 0.413767  1.38166 -2.42452
31.1701  0.308167  0.159954 0.0417943
31.1901 -0.506493  -0.39766   1.41677
31.2201 -0.743997 -0.935151   2.25915
31.2451  0.751729 -0.421397   3.08673
31.2651   2.00392 -0.148201     2.764
31.3001   2.81741 -0.408789   1.73393
31.3402   2.76083 0.0806949  0.451579
31.3701   1.69778  0.351988 -0.736608
31.4001 0.289174  0.35286 -0.99202
31.4201  -1.21053  0.453502 -0.641764
31.4501     -3.39   0.14142 -0.430388
31.4801   -4.5876  0.115514 -0.413647
31.5202  -4.79263 -0.772834 -0.786565
31.5651  -3.51681 -0.281869 -0.920747
31.6051   -0.7029  0.218336 -0.232958
31.6351  1.37504 0.174425 0.341327
31.6701   3.36264 -0.322197  0.117027
31.7051  4.01043 0.196544 0.122694
31.7501  3.06209 0.383676  1.35712
31.7901  1.6685 0.23377 1.81525
31.8201  0.734416 -0.358629   2.76221
31.8501  -0.688877 -0.0922889    3.75739
31.8801 -1.68788 0.437588   2.5488
31.9151 -2.08642  1.08873 0.894386
31.9451  -2.28071  0.683952 -0.788422
31.9701 -2.00545 0.077294 -1.53761
32.0051  -1.74935 -0.565375  -3.57087
32.0401 -0.355324  0.551748  -7.26997
32.0801 0.551789  1.38861 -7.59835
32.1201 -0.327175  0.840573  -7.86691
32.1501 -0.170294  0.722621  -6.08693
32.1851 0.682331 0.651949  -3.4899
32.2051 0.667494 0.340042 -1.92903
32.2401 0.498591 0.141966  2.64285
32.2701  1.03043 -1.01575  7.12634
32.3001 -0.504933  -2.87156   4.99444
32.3401 0.179283 -4.67083  2.65791
32.3851 0.77265 -1.9033 5.65936
32.4051  1.20018 -1.18435  4.74036
32.4401 0.959485 0.133566  2.29397
32.4601  0.286725   1.11216 -0.748374
32.4901 -0.551919   2.11745  -3.89186
32.5301 -0.0383089    4.97089   -3.72394
32.6001 0.105337  1.22611 -4.84627
32.6501 -0.892258 -0.152964  -2.09552
32.6801 -1.55027 -2.09474 -1.44533
32.7301  -1.64329  -4.09718 0.0375185
32.7801 -0.309145  -2.90854    2.1616
32.8051  2.06089 -1.80922  4.30319
32.8401  4.22554 -1.24574  3.46355
32.8801 3.98215 1.41468 3.01623
32.9201  1.89464  4.24626 -1.45531
32.9601 0.226685   2.3813  -4.4768
33.0001 -2.30568  1.06003  -4.3403
33.0501   -1.886 -2.45379 -3.95424
33.0901 -0.976967  -2.91584   1.10817
33.1301 -0.138704  -2.00818   3.13744
33.1601   2.28491 -0.712474   4.43042
33.2001   3.1608 0.854255  4.84777
33.2401 1.34074 3.52565 2.42591
33.2801 0.278452  2.14834 -5.08809
33.3151 0.0323429   1.02157  -8.97717
33.3501   -0.7275 -0.268356   -6.6675
33.3851 -0.521589  -1.03286  -1.00681
33.4201 -0.225668   -1.8658   2.51184
33.4451 -0.478151  -3.02916   4.53006
33.4801 -1.81247 -4.97791  2.40589
33.5401  0.793083 -0.857009   7.22777
33.5652 -0.799798   2.30798   -1.7358
33.5901 -1.29551  2.96521 -5.63176
33.6401  1.82192  4.25879 -5.04459
33.6801 0.777088  2.11638 -3.74695
33.7151  1.25612 0.440909  2.13394
33.7401  0.536688 -0.257381   5.22328
33.7801    0.349716 -0.00142771     5.10702
33.8051  0.35385 0.772658  3.75785
33.8401 0.00650217    1.53765    1.42342
33.8651 0.204035  1.12306 0.131505
33.9001 -0.302998 -0.977335 -0.369644
33.9201   -1.25053   -1.79914 -0.0065992
33.9601  -3.07214  -3.16127 -0.105507
34.0101    -3.7818   -2.40709 -0.0653523
34.0451 -0.792515  0.224815  -2.05446
34.0801  1.13884   2.0379 -3.52503
34.1051  2.20885  2.80184 -3.48376
34.1401  2.86442  3.49046 -1.45583
34.1901  1.95525 0.277799    3.333
34.2201 -0.764523  -1.39622   6.92305
34.2601 -4.60785 -4.05144  4.23226
34.3101 -3.11634  3.03006  -1.1878
34.3451  3.12334  3.67785 -4.82341
34.3801  4.89105  2.15661 -2.11559
34.4301 0.0623725  0.477923  -1.80767
34.4451 0.532863  -0.6557  1.59655
34.4851 -0.263145  -2.83532   5.69373
34.5202 -2.90029 -3.91097  3.46821
34.5651 -1.08566  1.21924  1.25711
34.5901 0.595145  2.27766 -4.63621
34.6301  3.13039  2.77228 -4.58228
34.6801  1.30315   1.5912 -3.41979
34.7201  0.159628 -0.662303   1.62267
34.7501 -1.21285 -1.68543  5.35839
34.7851 -3.37256 -3.80695  3.92885
34.8201  -4.2968 -4.10135  2.42519
34.8701    1.6987 -0.364521  0.530354
34.9001   2.18939 -0.777352 -0.483507
34.9401   0.695749    0.51861 -0.0714752
34.9601 0.915293 0.488333 -1.17993
34.9851  1.98185 0.888979 -2.46333
35.0201  2.58956  2.36126 -4.27278
35.0701 0.164174  2.18293 -4.18168
35.1101 -1.10858 0.335196 -3.10415
35.1401  -1.68342 -0.700488  -1.12828
35.1651  -2.2365 -1.63427 0.154004
35.2001 -3.16024 -2.94705 0.354249
35.2601 -1.62705 -1.64641  0.30209
35.2901  0.544984 -0.247091 -0.982975
35.3201 -0.262512  0.896675  -1.50267
35.3451 -0.675778   1.56828  -1.79306
35.3651 0.0827538   2.68846   -2.0798
35.4001   2.66827    3.8942 -0.742983
35.4401    3.298 0.150182  2.87546
35.4801 0.589954 -2.19364  8.28661
35.5252 0.367024 -1.47916  5.26065
35.5601  1.05621 0.100772 -2.42478
35.5901 0.276022  1.05369 -5.76626
35.6301 -2.33446 0.770709 -5.75299
35.6701  -1.7224 0.371703 -3.22167
35.7001 -1.02167 0.707738 -0.33555
35.7401 0.689886 0.499709  1.23706
35.7601  1.82759 0.197515  2.06376
35.8001   2.9499 -1.00963  2.56503
35.8501  0.554326 0.0220676   4.22111
35.8801 -2.04082 -0.60336  5.16497
35.9051 -3.79933  -1.4036  4.40141
35.9451 -3.78866 0.222229  2.77573
35.9801 -0.143798   1.99301  -1.92896
36.0201  1.82953  2.24175 -5.99319
36.0601  2.32114  2.57934 -5.58272
36.1001 0.216372  0.53021 -4.21821
36.1252 -0.824737  -1.41186   1.79013
36.1601 -2.55367 -3.59406  4.25338
36.2001 -3.52168 -2.12544  3.14259
36.2401   1.07753   1.60366 -0.159267
36.2801  3.22699 0.741639 -3.76992
36.3251  0.859147 0.0687363  -1.63611
36.3701 -1.46311 -1.94697  2.97379
36.4052   -1.881 -1.43772  2.63586
36.4401 -0.605847   1.65656  -2.45864
36.4701  1.38318   2.7913 -6.08555
36.5101 0.898697  3.10307 -5.60195
36.5451 0.343577   1.9263 -2.51794
36.5801 -0.0896433   0.281373    1.42587
36.6101 -1.79263 -1.89069  4.05508
36.6501 -3.39981 -3.92915  3.95059
36.6901 -1.90495 -3.68528  2.07679
36.7251 -0.0586038   -1.12218    2.62856
36.7601 0.952893 0.829704  -2.7273
36.7801 1.02422  1.7099 -5.2668
36.8151  1.71971  2.98259 -5.14069
36.8501 1.34939 2.72073 -3.7441
36.8901 0.0835881  0.743647   2.03552
36.9201 -1.76018 -1.25736  5.51482
36.9701 -4.45232 -2.74462  3.60806
37.0051 -2.51339 -1.54641  1.23835
37.0401 0.226241 0.231395 -2.85041
37.0601 0.0798152   1.16752  -4.20351
37.0901 -0.13029  2.12765 -4.36215
37.1151  1.54371  2.13443 -3.91313
37.1501  4.54481  1.77876 -2.41375
37.1951   3.42538   2.86886 -0.923763
37.2251   2.46775 0.0340106   1.75744
37.2651  1.50394 -1.16816  5.40828
37.2901 -0.48062 -1.24167  7.67272
37.3307 -4.68893 -1.64745  6.33902
37.3801 -4.80339  1.39143  1.39776
37.4301 -3.34567 0.716612 -5.21788
37.4601 -3.79337 0.698197  -3.3197
37.5001 0.184611   2.7138 -5.71511
37.5401  3.69576  1.72283 -1.57943
37.5801  3.89039 0.930644  2.13128
37.6201   3.78877 -0.662738   4.17531
37.6701    2.5358 -0.824449   4.98256
37.7101 2.01988 0.95229 1.22897
37.7451  2.62576 0.564907  -2.2886
37.7801 0.745008   1.3171 -3.45327
37.8101 -0.498041  0.353027  -2.02134
37.8402  -2.71326 -0.283907    1.6846
37.9001 -6.35106 -1.39338  2.77145
37.9601  -2.3918 0.423297  -1.6225
37.9851 -0.943608   1.56074  -2.45435
38.0201  1.25728  2.10237 -3.71271
38.0501  3.11845  1.02455 -3.08274
38.0851   4.34802 0.0231478  -1.52399
38.1201   3.40244 -0.209322   1.69246
38.1701 -0.328109  -2.47682   5.79103
38.2051 -2.25642 -2.11724  5.04593
38.2401  -1.24507 -0.701054   4.09172
38.2651 -0.570922   1.24684   1.98574
38.3001 0.951114  2.07267  -5.5839
38.3251  3.18951  1.34136 -4.97139
38.3602  3.03722  3.35927 -6.10065
38.4051  1.12673  2.71834 -5.05911
38.4501  0.386287 -0.379988  -1.49655
38.4651 -0.221122  -1.00773   1.68913
38.4851 -1.09867 -2.23448   3.7146
38.5201 -2.03459 -3.76867  4.79409
38.5701 -2.82064 -4.76464  3.39092
38.6401 -0.132554 0.0976719  0.692786
38.6601  0.43622  1.58074 -2.50747
38.6851  1.63927  2.81605 -4.06657
38.7201  1.76792  4.97787 -3.70408
38.7601  2.45987  4.45609 -1.87245
38.8101 1.05503 2.57845 1.65293
38.8501 -0.583036 -0.621625   3.20309
38.8801 -2.30877  -2.9936   2.5519
38.9151 -2.40194 -4.80816  1.92723
38.9451 -1.64481 -3.79235  2.56474
38.9801 -0.125501 -0.536198 0.0521094
39.0051  1.58466 0.158288 -1.90905
39.0601  2.03167  1.15598 -1.74882
39.1001   1.3472 0.643988  1.34757
39.1251  0.552535 -0.385022   4.66839
39.1451 -0.866527  -0.91986   6.28859
39.1801 -4.03981 -1.87406  4.88563
39.2201 -4.52779 0.172495  3.99318
39.2601 -3.14662    3.044 -1.13459
39.3002 0.417359  3.97286 -6.61735
39.3251  1.82902  3.70239 -3.80839
39.3801 0.0618532   1.60983  -6.68849
39.4201  -0.78331  -1.05904 -0.126577
39.4501 -0.0610189   -2.30562    4.52132
39.4801 0.121942 -3.93154  3.46478
39.5201 2.22208 -3.3679 3.37956
39.5601  2.03421 -1.53923  4.79558
39.6001   3.26726 -0.476764   1.86722
39.6401 0.256505 0.715527 0.295117
39.6651  -1.67265  0.668678 -0.445199
39.6851 -2.47327 0.218022 -1.20006
39.7201 -2.07052  1.75789 -4.42537
39.7601  1.16513  4.25414 -4.13817
39.8002  2.15919  3.74622 -5.14451
39.8401 1.51224 3.46538 -3.2788
39.8801  0.437995  0.357751 0.0378226
39.9051 0.305553 -1.18928  5.38483
39.9401 -1.60815 -3.48997  3.37689
39.9751 -1.36862 -3.19355  5.69439
40.0201   0.30014 -0.656149   6.55472
40.0601   2.4313  1.05397 -1.97252
40.1251  2.08819 0.420182 -2.09489
40.1601  0.852932 -0.478661 -0.356046
40.1901 -0.819613  -0.47479  0.116632
40.2201 -2.66041 -1.09449 0.917868
40.2551 -4.81691 -1.53157  2.02079
40.2901  -6.36403 -0.881171  0.623735
40.3451 -2.47822  1.33413 -2.21315
40.3801 -0.159239   1.78146  -2.91454
40.4101  2.98059  1.62932 -2.09192
40.4451    5.3914   1.11919 -0.892124
40.4751   5.22584  0.829702 -0.501643
40.5201  1.76092 -1.29101  5.39453
40.5601 0.0412694  -1.26422   7.64381
40.6001 -2.33393 0.249391  4.09842
40.6401 -3.68316  1.27179 -2.72347
40.6801  -3.8799  1.81242 -2.93515
40.7301 0.966153  4.15377 -4.60256
40.7701  2.55273  2.21866 -3.20181
40.8001  1.97332 0.670682 -3.03359
40.8401  1.31124 -1.33146  6.66731
40.8701 0.670085 -4.48575  5.15902
40.9201 -1.89672 -5.17311   2.7582
40.9601  0.857847 -0.238572   7.02775
40.9901  0.210125   2.17822 -0.935732
41.0201  1.77063   1.4311 -3.80759
41.0501  3.25142 0.794888 -4.29636
41.1001  3.69981 0.809804 -3.48799
41.1401  2.36011 0.227957  -2.1013
41.1651   2.6533 0.311587 -2.03481
41.1851  2.07331 0.248396 -2.36596
41.2051  1.06629  1.00557 -2.21672
41.2402  -1.47666  0.898864 -0.644817
41.2601 -2.95368 0.181073 0.913503
41.2851 -5.25514 -1.05808  1.26751
41.3201 -7.45656 -1.72201  1.50616
41.3801  -3.86199 -0.569393  -1.83904
41.4202 -2.52408 0.915321 -4.18414
41.4601   1.6497  1.56027 -2.95123
41.4901  2.97717 0.873908 -1.11743
41.5252  3.51015 0.186375  1.03254
41.5601   5.01323 -0.439367   2.19455
41.6101   5.64498 -0.643406   1.98731
41.6501 0.899105  1.45576  3.19752
41.6801 -3.64297 0.137777  0.27267
41.7202  -7.14207 -0.617847  0.637319
41.7801 -4.13579  1.11996 -1.73054
41.8201 2.20551 1.88315 -2.6578
41.8651  3.95745  1.03139 0.641299
41.9001   3.7322 0.333006  1.49482
41.9501   3.20166 -0.565908   3.75439
41.9901 -0.448779  0.101735   5.95291
42.0251  -2.55591 -0.662701   2.66831
42.0601   2.32152   1.01545 -0.868521
42.0901  4.5821 1.56834 -2.5304
42.1501  1.23468 0.205751 -1.95851
42.1701   -1.76596 -0.0899568   0.832596
42.1951  -4.10963 -0.902445   1.56694
42.2251 -5.99155 -1.68846  2.09316
42.2651  -7.39465 -0.519504   1.01642
42.3002  -3.98252  0.536846 -0.547141
42.3401 -0.539043  0.844912  -1.99521
42.3701   2.81255 -0.632379  -1.24589
42.4051   5.68223 -0.709941 -0.318965
42.4401   5.98889  -0.47635 -0.886296
42.4901  3.44805 -0.53271  2.08443
42.5301  -1.08337 0.0119617   6.60133
42.5601 -2.85001  1.04057  5.26594
42.6001 -3.36847  3.05188  0.13948
42.6401 -0.350221   3.55809  -3.43727
42.6801  2.6626 2.04594 -3.3164
42.7201  3.20022 0.611672 -3.47734
42.7601  1.09577 0.269164 -1.12393
42.7851  -2.07146 -0.558706   1.52354
42.8201 -4.88299 -1.51101  1.89109
42.8651 -4.91296  2.04876 -1.86371
42.9001  3.70201  2.79327 -1.74642
42.9401  6.56887 0.896603 -1.69821
42.9801   3.02693 0.0407961  -3.18858
43.0201 0.159172 -1.05218  2.23268
43.0501 -0.0746862   -3.53699    3.06572
43.0851 -0.167655  -5.07103   4.02199
43.1201 -2.95413 -5.38013  4.32219
43.1701  -1.68409 0.0947566  0.541771
43.1901 -0.606004   1.60779  -4.08266
43.2202   3.00284 -0.534418    -2.108
43.2601  3.41178  2.83215 -1.99446
43.3001  2.16013    3.184 0.698945
43.3402  0.466998 -0.408924   4.59991
43.3701 -1.77319 -2.19345  4.09124
43.4051 -3.53738 -3.06018  3.70528
43.4401  -3.1272 -2.41559  2.69133
43.4801  1.15282 -0.03151   3.4442
43.5051  1.91533 0.266626  1.65893
43.5301   1.87521 -0.333118  0.953158
43.5601   1.69822 -0.581039   1.98183
43.6001 1.39534 1.09173 3.80896
43.6401 0.368859  2.37385 -2.78653
43.6801 -0.116435    3.7627  -3.64504
43.7252 -2.44663  2.97632 -6.31771
43.7701  0.18767 -0.13203 -7.08984
43.8202 -1.57068 -2.49888  4.20245
43.8601 -2.09763 -3.30765  4.94702
43.9051 -2.03077 -2.27965  5.67347
43.9251 -2.14668 -1.54894  4.65991
43.9601 -3.14495  1.70169 -1.24289
44.0101  2.51259  0.58817 -3.54554
44.0401  2.23381  2.12879 -4.78698
44.0801  1.39827  3.87016 -4.73876
44.1301  2.12471     3.41 -3.48075
44.1701  1.88538 0.690609  2.75763
44.2101 -0.290759  -3.98685   4.43592
44.2601 -5.51606 -4.23454   4.4737
44.3051  0.292647 -0.792884   7.10454
44.3301    1.0948 -0.296703   3.20787
44.3601 -0.0615134    2.33942   -3.72972
44.4001  2.40825 0.560523 -5.23128
44.4401  2.99467  1.31092 -5.79768
44.4901 0.395776  3.93899 -4.44804
44.5301 -0.49408 0.287834 -5.16638
44.5601 -0.944714  -1.10163  0.175902
44.5951 -1.89229 -3.50682  3.26892
44.6251 -1.93977  -4.2548  3.43138
44.6551 -2.25082 -3.77232  3.05574
44.6851 -0.915219  -2.19944   3.34903
44.7201  1.16308 0.596577   1.6215
44.7501  1.86875  2.10018 -1.38796
44.7801  2.41329  3.34834 -2.98057
44.8301  2.41586  2.31612 -1.71202
44.8801  0.681044 -0.939559   6.60674
44.9201 -3.81207 -3.41077   2.8133
44.9601 -5.42705 -4.58809  3.09633
45.0101 -1.43529  4.19414 -2.60951
45.0501  3.36434   2.4845 -5.79049
45.0901  1.58662  4.10472 -4.70818
45.1401  0.35704 0.294829 -2.65926
45.1701 0.296817 -1.39093  3.19642
45.2001 -0.827758  -2.60135   4.13677
45.2251 -1.53769 -2.25618  4.24787
45.2601  0.172315 -0.464329   5.80801
45.2851  2.45604 0.949899  4.04597
45.3202 2.85334    1.94 2.17674
45.3701   2.56582 -0.207656  0.983432
45.4051 -0.690362  0.281662   4.63297
45.4401 -3.61019 -1.41669  4.48245
45.4801   -4.572 -0.27166  1.85607
45.5251 -0.646592   3.69966  -5.41822
45.5501  3.34194  3.31788 -5.33072
45.5951  2.38683  3.41227 -4.86227
45.6501 -0.175425 -0.825333 -0.172072
45.6701 -1.05705 -2.09907  4.69169
45.7101 -1.84132 -5.60114  2.31913
45.7501 -2.86019  -2.7872  2.39995
45.7851 -0.0289376     3.0208   -2.29623
45.8202  3.75163  3.90055 -3.55453
45.8651  4.43995  3.47501 -1.68398
45.9051  1.44892  1.49018 0.907846
45.9301  0.191172 -0.282454   3.39256
45.9601 -2.44003 -1.64611  4.47578
46.0001 -5.11595 -1.61389  4.96559
46.0601 -5.49736 -1.18114  2.69985
46.1101 0.880746  1.85329 -5.44194
46.1401  2.23869  2.09815 -4.83059
46.1801 0.668046  2.88495 -6.63886
46.2201   1.3237  0.69548 -3.08117
46.2501 0.584876 -1.32238  2.03013
46.2851 -1.95817 -4.18111  3.87007
46.3201 -2.55535 -4.67807  2.27417
46.3601  3.30211 0.907905  2.64908
46.3951  3.87651  3.01903 -3.33783
46.4401  3.92239  1.46024 -4.04171
46.4801   1.29367    1.0427 -0.435669
46.5051 0.759318  0.52917  3.11884
46.5251   0.74807 -0.111249   4.52818
46.5601  1.74705 0.643634   3.0878
46.5901 -0.540285   1.61023   4.83359
46.6052 -2.00971  1.29109  4.10287
46.6401 -3.77644 0.740111  3.17706
46.6801  -4.47817   0.77473 -0.527463
46.7251 -0.634824  -1.09709  -6.43163
46.7501 -0.916781  -1.31892  -6.53489
46.7851  -2.20159 -0.964917   -3.8113
46.8201  -0.73597 -0.384595  -2.71083
46.8501   1.53696  0.318987 -0.028084
46.8801   1.76298 -0.117968   2.35953
46.9201    1.7923 -0.755893   5.83427
46.9601   3.07813 -0.483741     4.059
46.9951  2.22604 -1.40887  5.25987
47.0252 0.431851  1.24935  2.06958
47.0601 -0.307413   4.64912  -4.08156
47.1051  1.50167  2.26956 -7.08953
47.1251  1.05166  3.04053 -5.59945
47.1601 0.423894   1.2294 -5.14805
47.2001   0.289562 -0.0235761  0.0316827
47.2201 -0.416019 -0.786241    3.3897
47.2501 -1.44941 -2.39012  4.59481
47.3002 -1.99428  -6.2613  3.65418
47.3451 -2.62134  1.08397  1.12685
47.3801 0.907362   1.5862 -5.55524
47.4201  3.09562 0.783156 -4.00765
47.4701 0.00738476    1.61249   -6.56109
47.5051 -0.299228  0.972402  -3.06941
47.5251 -0.551739 -0.262176  0.186235
47.5601 -0.95663 -1.67551  5.77534
47.6002 -1.24788 -2.49402  5.44364
47.6401 -0.375244 -0.325599   6.18266
47.6801 -0.518713   2.98115 -0.888082
47.7201  1.71173  2.69543 -5.03271
47.7601  3.74789 0.124284 -3.55317
47.8101 -2.07107 -1.48284  2.02791
47.8451 -2.63708 -2.62005  3.31493
47.8801 -2.12382 -2.73784  3.10528
47.9104  -2.02059 -0.355235     3.138
47.9501 0.189726  2.11115 -2.65699
47.9801  1.48442  3.56328 -5.63943
48.0251  3.00042  3.99841 -3.97213
48.0601  2.19865  3.34949 -4.24045
48.1001  1.59285 0.656559  1.53911
48.1401 -1.59395  -1.8937  4.28348
48.1701 -3.58107 -3.59286    3.608
48.2201 -4.30994 -3.96982  1.89415
48.2651  1.86923 0.901489 -2.74062
48.3001  3.51147 0.636308 -4.18879
48.3501   4.19644 -0.554436  -2.27935
48.3851   3.7312 -1.36694  1.72741
48.4201   3.2584 -2.39606  1.83118
48.4451 1.03666 -1.8658 5.46827
48.4801 -2.76547 0.305295  4.03267
48.5101 -2.05502  4.10305  0.13254
48.5401 -2.97387  5.49015 -2.75666
48.6001 -0.655108   1.89161   -6.3718
48.6401 -0.438106 -0.748445  0.386883
48.6601 -1.20834  -1.6263     3.33
48.7001 -3.30995 -3.14607  4.21382
48.7501  -5.3381 -2.96961  2.94213
48.7901 -0.0428847    2.72567   -1.59208
48.8201  3.19422  3.17388 -4.06792
48.8601  3.68769  2.20048 -3.15039
48.9051 4.29775 3.89699  -2.072
48.9401    4.9122    1.4098 -0.619962
48.9901  0.43113 -1.78068  6.42509
49.0201 -0.648687  -2.33721   7.63053
49.0601  -4.1925 -1.79497  2.27649
49.1001 -0.0142773    1.31957    6.62371
49.1251 -0.554928   2.58053   -1.9835
49.1601 -0.257288   3.43711  -3.88428
49.2001 -1.92959  3.73393 -3.27331
49.2501 -1.37053  -1.8148 -5.72055
49.2851  -2.73367  -3.55304 -0.675466
49.3201 -3.69174 -3.33893  1.09571
49.3651 -1.05757  -2.7489  3.17832
49.3901 -1.22867 -1.26012  3.33406
49.4251 0.763826  1.39844 0.514635
49.4501 2.89496 2.38215 -1.8002
49.4951  5.53883  3.03612 -1.33426
49.5401  3.78902  2.39983 0.947114
49.5801   3.16411 -0.187716   3.69064
49.6201 -0.165594  -0.95599   6.12597
49.6501  -3.77686 -0.949104   5.01925
49.6901  -4.7675 -1.39867   3.3366
49.7401 -3.89727  2.88093 -2.01094
49.7801 -0.224321   3.63268  -4.42713
49.8201 -0.0773952     3.5763   -4.27037
49.8501 -0.994335   2.85199  -4.32424
49.8851 0.603536  1.86177 -1.23995
49.9101  1.40097 0.676751  1.51615
49.9501  0.793217 -0.792633   3.94628
49.9651   1.15295 -0.636834   4.96253
50.0001   2.86004 -0.549822   4.36681
50.0451  3.02322 -2.89414  5.23376
50.0801 0.691176 -2.28614  4.67004
50.1201 -3.70248 -1.26661  4.71091
50.1551  -5.16115  0.332254 -0.491399
50.1801  -4.42552    3.2875 -0.678683
50.2202 0.629371  3.76501 -6.05294
50.2601 0.239564  2.72956 -5.18554
50.2851  1.10066  3.19257 -3.77971
50.3251  1.73803 0.827265 -3.21171
50.3601  0.53876 -1.48394 0.316306
50.3851 -1.01385 -2.64848  3.41845
50.4151 -3.20656 -3.69385  3.61557
50.4451 -4.73826 -2.99762  2.73782
50.4851 -1.72138 0.180819 0.726675
50.5052 1.04119 1.51006 -1.3472
50.5401  3.10035  2.09291 -1.31906
50.5801   4.13483   2.96489 -0.946762
50.6251   5.06343   3.09881 -0.401666
50.6601   4.3999  2.15305 0.439362
50.7101   1.08308 0.0131731   1.10812
50.7501  -1.29862 0.0946969   2.55368
50.7801  -3.03636 -0.686039   3.50012
50.8151 -4.11899 -1.57857  3.29297
50.8501 -4.34661 -1.40681  4.42417
50.8851 -4.69394 -1.43154  1.78917
50.9301 -1.75783 0.150511 -3.05959
50.9601  1.55894  2.16636 -5.02149
51.0001  4.08645  1.57925 -2.45552
51.0401   2.5774   2.0369 -3.11159
51.0901  1.23597  2.39308 -2.58408
51.1301   1.34589 -0.612659   7.16451
51.1701 0.460282 -3.74174  4.94704
51.2051 -2.08205 -3.73856  5.02676
51.2401 -1.11877  -4.7899  3.72673
51.2751 0.282356 -2.39546  4.12689
51.3001  1.01991 -1.35922  1.99476
51.3251 0.0332692 -0.108155 -0.662589
51.3501  -1.02175 0.0307651  -2.70135
51.3801 -1.10176   1.2012    -3.14
51.4051 -0.241334   2.78519  -3.52333
51.4301 -0.0526614     4.0966   -4.54796
51.4701 0.903828  5.76083 -1.92091
51.5051  1.84582   3.6569 -3.46853
51.5401  1.00739  2.26127 0.256024
51.5801  -1.15641 -0.886179   3.72182
51.6101 -2.45096 -2.56539   3.7941
51.6501 -3.37095 -3.55743  3.21695
51.7001  -1.87522 0.0743253  -1.21963
51.7301  1.87751  1.64922 -5.23045
51.7751   2.2301  2.77542 -5.62144
51.8101 0.461229  3.08072 -4.66226
51.8501  0.436057 0.0570806  -4.11946
51.8801 -1.27431 -1.42188 0.620182
51.9051 -2.50715 -2.80224  3.21413
51.9501 -3.19254 -3.88069  3.53234
51.9851 -3.31983 -2.67379  3.97757
52.0201 -0.135523  -1.35502   4.06344
52.0501  2.09869 0.713408 0.739467
52.0851 3.91732 1.75154  -1.318
52.1051   4.71229   2.42795 -0.674172
52.1501 4.05143 2.56802 1.47451
52.1851   2.95855 -0.279767   1.74775
52.2201 0.767733  0.43728  1.86872
52.2451  -2.13829 -0.353769   2.07899
52.2651 -3.35742 -1.33184  1.94794
52.3001 -4.72988 -1.02255  1.83067
52.3551 -3.15995  3.03485 -5.92142
52.3851  1.32562  4.59214 -4.17743
52.4201 0.870349  2.23185 -6.13663
52.4601  1.62161 0.562459  2.92254
52.4901     1.611 -0.944638   5.72964
52.5301 -0.00382827     -1.6788     5.86657
52.5701 -1.18498 -2.94635  3.51047
52.6052  0.44852 -2.99374  6.29607
52.6401 -0.253942  -2.94424   2.16459
52.6801 0.253253 0.257392   5.8411
52.7101  0.960626   2.19685 -0.862144
52.7501  3.31824  3.03072 -4.17302
52.7901  4.11897  3.04289 -3.87094
52.8401  1.71245   1.8175 -1.45292
52.8651 0.603962 0.403266 -1.29326
52.8901 -1.44418 -1.05171 -1.07554
52.9201   -3.1546  -2.18665 -0.595505
52.9451 -4.33426 -2.61943 0.925741
52.9801 -5.21076 -3.37719  2.86859
53.0401  -1.64409 -0.564671 0.0845947
53.0651 -0.890802 0.0346745  -2.68603
53.0901 -0.338505   1.70149   -5.3031
53.1151  1.67158  3.08119 -5.05417
53.1451  3.36671   4.1353 -3.25859
53.1801  2.90029  4.98599 -2.36967
53.2251 -0.226538 -0.330725  -1.24636
53.2701 -0.705002  -2.91558   3.90107
53.3052 -1.77213 -4.45547  4.15002
53.3401 -2.49924 -5.19553  2.43814
53.3801 0.626409 -1.32728  7.60237
53.4201 -0.0335553    1.61206  -0.323094
53.4501  0.81613   1.7709 -3.35542
53.4901  1.15486  1.52743 -2.59486
53.5401 -0.50891 0.592324 -1.87119
53.5701  -1.38067 0.0998876  -2.44531
53.6101 -2.71878 -0.94687 -1.67216
53.6451  -4.01239  -2.00452 -0.636804
53.6801 -4.30438 -1.41363 -2.36194
53.7301 0.993017  1.92164 -4.27614
53.7651  3.16662  1.48408 -3.53685
53.8001  2.27409   1.3951 -1.71001
53.8401 3.19868   2.215 1.10218
53.8801   3.9128 0.327744  3.43766
53.9401 -0.222887   -1.0341    6.7337
53.9801 -2.35024  -2.0955  4.46552
54.0201 -0.351929   1.63119   4.51234
54.0501 -0.784244    3.8454  -4.16303
54.1001    2.583  4.28894 -4.28497
54.1451  2.39473  1.69638 -5.67063
54.1801   1.26733 -0.629447  -5.85589
54.2051 -0.372808  -1.93399  -3.19699
54.2252  -1.45708  -3.24904 -0.233482
54.2651 -2.27498 -3.97877  2.42374
54.3101 -1.66054  -5.3325  3.07825
54.3601  1.93267 -3.34582  3.47963
54.4051   4.08146 -0.368982   2.14383
54.4402   2.01394   2.41321 -0.675399
54.4801  1.67659  4.51747 -3.50012
54.5251 1.19405 4.78823 -4.3627
54.5601 0.584183  2.54212 -1.91883
54.6001   -0.17878    0.76359 -0.0428462
54.6301 -1.11014 -1.45546 0.433201
54.6551 -1.82604  -3.6622  1.40881
54.6901 -1.91327 -5.54341  2.90282
54.7401  3.16658 -0.37557  4.15862
54.7801  2.65936 -0.12306   2.8314
54.8201 0.251923  1.98838 -4.27491
54.8501 0.232514   3.6755 -4.47337
54.8851 -0.560225   4.72581  -4.76729
54.9201 -0.986438 -0.803039  -5.40752
54.9601 -2.45791 -2.37571 -1.36171
55.0001  -3.84293  -4.78202 -0.292545
55.0501 0.129345 -2.39314  1.64866
55.0901  3.61297 -1.57958  3.49175
55.1401   4.07738 -0.565282   2.95336
55.1801  4.37349 0.267989  2.58132
55.2201  2.65235  3.92361 -1.09405
55.2602 0.479073  4.20176 -3.78416
55.2951 -0.406455   2.01103  -5.99784
55.3251 -0.189929  0.445413   -4.8419
55.3601 -0.867675  -0.71222  -3.55372
55.3851 -1.55539 -2.54343 -1.88693
55.4201  -2.44464  -4.06307 -0.260945
55.4651 -0.978626  -3.35259   3.47306
55.4951 0.907284  -3.5645  5.53602
55.5301   2.3066 -3.42633  5.94114
55.5801  4.63405 -1.39606   1.5862
55.6051 2.23112 1.89161 4.18917
55.6401 -0.426605   5.54917  -3.05426
55.6851 0.281244  4.11886 -5.64212
55.7201  1.98626  4.60956 -3.07476
55.7651 0.132617  1.10256 -5.45299
55.8002 -0.234949 -0.897269  -4.04102
55.8251  -1.7428 -2.29235 -1.10763
55.8601 -2.36266 -2.74585  2.12217
55.9051 -0.121519  -2.70144   5.06087
55.9401  1.15138 -1.55151  5.35352
55.9801 0.820806  -2.2523  5.42486
56.0202 0.878698 -3.82483  4.66135
56.0601  2.19562 -3.62031  1.98264
56.1001 0.184305 0.431995  1.59728
56.1201  -1.3707  2.25295 -2.85861
56.1501 -2.08711  4.27283 -2.59571
56.1851 0.218756  5.57999 -4.67387
56.2201  2.70798   6.0734 -2.30712
56.2701  1.08985  1.67632 -2.90338
56.3051  0.214075 -0.512117  0.798401
56.3301 -1.17421 -2.31134  3.06808
56.3651 -1.91385 -4.54211  3.57978
56.4052 -2.46446  -5.1165  4.54702
56.4401 -1.34613 -5.43821  2.99333
56.4701 0.209635 -1.90413  2.65154
56.4951  1.74315  1.72801 -2.17949
56.5251  1.87979  4.36327 -3.39629
56.5601   1.8727  4.86864 -4.81698
56.6001  1.44654  4.51853 -2.93575
56.6701 -0.950089  -1.39359   2.76676
56.7001 -1.72303  -2.8903  4.37557
56.7401 -1.33844 -4.38228   4.3857
56.7801 -3.89712 -1.51965  2.42173
56.8202  1.18109 0.889824   2.2766
56.8451 0.383827  1.75443 -3.80106
56.8751 -0.188039   2.31829  -6.36874
56.9101  0.46036  3.64607 -3.84819
56.9501 -0.353434    2.6899  -4.38907
56.9851  0.10402 0.337149 -5.98453
57.0201  -0.55214 -0.891246    -3.023
57.0451 -1.44618 -1.70091 0.746077
57.0751 -1.32434 -2.59435  3.77479
57.1101 -1.44043 -3.98477  3.50801
57.1851 1.48054 -1.2306 6.20167
57.2201 1.35738 2.08686 2.38163
57.2551 1.99001 4.48719 -2.0196
57.2851  2.86101  3.24721 -2.70128
57.3151  2.73288  2.22211 -4.01617
57.3501 0.878744  1.07044 -4.42246
57.3801 -0.426989  0.219731  -3.30926
57.4052 -0.718742  -1.29558  -1.76146
57.4251 -0.992019  -2.58993  -0.79558
57.4601 -1.90933 -4.30448  1.12678
57.5101 -1.68775 -5.63169  2.53439
57.5451 -1.82392 -3.93822  3.06444
57.5801 0.432899 -1.01814  1.22192
57.6052 1.76496 1.16498 -1.8874
57.6401 1.95889 2.37406 -3.7137
57.6801   1.9352  6.02509 -3.47204
57.7201 1.95153 6.19159 -2.5977
57.7701 0.280594 0.276792 -2.33169
57.8001 -3.11633 -2.05934  2.55958
57.8501 -4.35705 -4.60737  2.39669
57.9201 -0.336092  -1.88482   3.49906
57.9501 1.65264  -1.094 1.51043
57.9751   2.26557 -0.897833  0.565629
58.0101   2.40336 -0.678509   1.90632
58.0451   3.81556 -0.169816   3.73158
58.0801    3.66602 -0.0654587    3.56068
58.1201 0.83361 3.61505 3.59657
58.1601 -0.609774    3.4208  -1.70463
58.2001  1.02991  2.27421 -5.23564
58.2402 1.88354 2.65331 -5.1276
58.2851  1.56666  2.29018 -6.61068
58.3101 -0.314979    3.1295 -0.720184
58.3501 -1.04925 -1.81765 -3.25398
58.3851 -1.58121 -2.76121  1.60178
58.4201 -0.851885  -2.91122   2.52424
58.4601 0.504551 -3.21617  6.13442
58.5001 0.681726 -3.67652  6.49787
58.5401  2.20539 -3.51566  5.63035
58.5901    3.74733 -0.0991102    2.18914
58.6201  2.21655 0.952901  3.50321
58.6601  1.65015  2.06504 -3.86434
58.7001  3.00203  4.49746 -2.68812
58.7401  1.09474   2.8403 -4.38835
58.7801 0.457432  1.09716 -4.89317
58.8051 -0.136209    0.6332  -5.01141
58.8401 -0.267226  0.381449  -5.43702
58.8801 -1.16657 -1.00864   -3.371
58.9051 -2.55569 -3.51035  0.15708
58.9401 -3.30033 -4.19654  2.06428
59.0001 -2.50445 -3.84267  2.43659
59.0351 -1.03995 -2.45393  4.60736
59.0701  1.58035 -2.26033  4.25917
59.1001   2.79018 -0.624954   1.57757
59.1401  3.65275   1.1346 -1.44103
59.1801  1.42899  3.08244 -4.12637
59.2201 -0.0634892    3.46693   -4.29333
59.2601  1.37921  3.79395 -3.84646
59.3001 0.470222 0.009123 -4.40012
59.3301 -0.740012   -1.7331 -0.714451
59.3651 -1.63212 -3.31372  2.33526
59.4001 -1.92196  -4.8822  1.93077
59.4201 -2.59434 -5.41774  1.40437
59.4401 -2.97137 -5.65982   1.6352
59.4601 -2.79685 -3.60928  4.16351
59.4802  1.82353 -2.54708  5.13388
59.5002   3.91195 -0.511199   2.17377
59.5202 2.97783 1.10829 4.42322
59.5402 1.73156  2.6214 2.26887
59.5551  1.10641  3.08227 0.368897
59.5701   1.09108    3.0156 -0.877351
59.5851  2.10707  3.18771 -3.12686
59.6001 2.80555 2.74986 -3.6563
59.6201   3.0746  2.73397 -3.86816
59.6401  2.34097  3.07344 -3.68243
59.6601 0.464036  2.67173 -4.46833
59.6801 -0.302892   1.77773   -4.7971
59.7001 -0.762525   1.39838  -3.70703
59.7201  -1.12779 -0.526978  -5.55653
59.7401 -0.811231  -2.03577  -6.24752
59.7601 -0.908636  -2.15141  -5.99996
59.7801 -1.09821 -1.87739 -4.91125
