1663 27.809457000 27.818519000 8.621000527 -2.663433075 -2.074275017 1.787521482
1664 27.818519000 27.828606999 8.546035242 -2.272589445 -2.036057472 1.599886298
1665 27.828606999 27.839978000 8.472136496 -1.891452312 -2.026378870 1.643108010
1666 27.839978999 27.852681000 8.341202236 -1.695329785 -1.903520942 1.704420686
1667 27.852681000 27.866303000 8.179166194 -1.769132614 -1.790134907 1.748224974
1668 27.866303999 27.880299999 8.120867014 -1.874167800 -1.796838164 1.616990328
1669 27.880299999 27.895017000 7.972879601 -1.925937414 -1.934164286 1.552762151
1670 27.895017999 27.911385000 7.841710522 -1.723092914 -1.987979293 1.518399358
1671 27.911385999 27.932383999 7.815596885 -1.069598675 -1.849144101 1.559737682
1672 27.932385000 27.959195000 7.944754434 0.379531503 -1.719176292 1.744202018
1673 27.959195000 27.980465999 7.762897751 1.251452446 -1.783829093 1.805760026
1674 27.980465999 28.000218000 7.804128450 1.249487400 -1.960035563 1.956613898
1675 28.000218000 28.021754999 7.886616737 1.072911978 -1.810600400 2.428420067
1676 28.021754999 28.044878000 7.984335517 1.151519656 -1.262525797 2.677983046
1677 28.044879000 28.064008999 8.131212832 1.672216892 -0.576548576 2.118260860
1678 28.064010000 28.079354999 8.257888250 2.156157255 -0.266654342 1.469912291
1679 28.079354999 28.092981999 8.364488701 2.371146679 -0.394794792 1.066244960
1680 28.092981999 28.105952000 8.545047049 2.312917709 -0.442165017 0.769165695
1681 28.105952000 28.118980999 8.635354741 2.136327744 -0.001246904 0.359422237
1682 28.118982000 28.131742999 8.717191122 2.138303757 0.644004703 -0.108855084
1683 28.131742999 28.143585000 8.751542956 2.156408310 1.376396775 -0.680538177
1684 28.143585999 28.154054999 8.799778936 2.195747137 2.022218943 -1.262023211
1685 28.154054999 28.163597999 8.859385901 2.377992153 2.338260174 -1.736804366
1686 28.163597999 28.172476000 8.950511476 2.451274395 2.482447386 -2.086625814
1687 28.172476000 28.180905999 8.999766483 2.622985363 2.485020638 -2.422183752
1688 28.180905999 28.189027000 9.013895548 2.730338097 2.522527695 -2.701913834
1689 28.189027000 28.196910999 9.059751106 2.832459450 2.385769606 -2.730922222
1690 28.196911999 28.204728000 9.074254301 2.946644783 2.202749968 -2.887983561
1691 28.204728000 28.212589000 9.095057418 2.916588306 1.932216406 -2.988003254
1692 28.212589000 28.220584999 9.057060442 2.703630686 1.915906310 -3.234093904
1693 28.220586000 28.228672999 9.071855009 2.540511847 2.092456102 -3.474281788
1694 28.228672999 28.236628999 9.105945011 2.350334644 2.383703232 -3.749828815
1695 28.236628999 28.244430000 9.166701492 2.135382891 2.617860079 -3.982043743
1696 28.244430999 28.252110000 9.258716558 1.893552542 2.773350954 -4.090583324
1697 28.252110000 28.259790999 9.264407121 1.675755501 2.869191170 -4.318907738
1698 28.259790999 28.267547999 9.283458939 1.575595260 2.773844004 -4.315689564
1699 28.267547999 28.275454999 9.314981144 1.534679651 2.569218159 -4.259446621
1700 28.275454999 28.283537999 9.279402053 1.585183740 2.260310173 -3.943873405
1701 28.283537999 28.291780999 9.328659231 1.645680666 2.039979696 -3.718056440
1702 28.291780999 28.299947000 9.345559094 1.639304876 1.985023856 -3.498300552
1703 28.299947999 28.308089000 9.366570509 1.604412079 2.016618490 -3.322566509
1704 28.308089999 28.315992000 9.440623584 1.603579044 2.081054926 -3.163094521
1705 28.315992000 28.323954999 9.480815180 1.425645590 2.112312794 -3.081009150
1706 28.323954999 28.332179000 9.512728826 1.233670354 2.041612864 -2.978255749
1707 28.332179000 28.340805999 9.534105671 1.030114174 1.906102657 -3.019720554
1708 28.340805999 28.350022000 9.515976311 0.819777012 1.705026269 -2.806090832
1709 28.350022000 28.359517000 9.547963560 0.578824401 1.713319778 -2.643197060
1710 28.359517000 28.368907999 9.552472750 0.301310778 1.789001703 -2.818333387
1711 28.368909000 28.377897000 9.548579586 -0.074078076 1.933264732 -3.111544371
1712 28.377898000 28.386659000 9.520040616 -0.316963136 1.912454247 -3.358497143
1713 28.386659000 28.395541000 9.471514600 -0.400846630 1.809078574 -3.561851978
1714 28.395541999 28.404791999 9.465220955 -0.306768835 1.639221311 -3.855673075
1715 28.404792999 28.414708000 9.455678850 0.085495770 1.266689658 -4.004474163
1716 28.414708000 28.425136000 9.321258887 0.565529108 0.968340218 -3.965290308
1717 28.425136000 28.435743000 9.166614066 0.930693448 0.763548970 -3.740330219
1718 28.435743000 28.446325000 9.097415154 1.073088765 0.623795986 -3.699244261
1719 28.446325000 28.457326999 9.156750992 0.863037884 0.270852596 -3.831169605
1720 28.457326999 28.468411000 9.290642945 0.431120217 -0.328552276 -3.997653961
1721 28.468411000 28.478020999 9.285215672 -0.025795154 -0.990450919 -4.234083652
1722 28.478020999 28.486555999 9.291971549 -0.316951931 -1.357818842 -4.325671196
1723 28.486555999 28.494649000 9.328757013 -0.645470202 -1.467997909 -4.211814404
1724 28.494649999 28.502693999 9.384668206 -0.787815392 -1.427298665 -3.968371630
1725 28.502695000 28.510893999 9.419782507 -0.874145687 -1.304274201 -3.737081289
1726 28.510893999 28.519496000 9.452657843 -0.753661275 -1.190085530 -3.530061722
1727 28.519497000 28.528322999 9.492506527 -0.472745687 -1.243870974 -3.382623911
1728 28.528322999 28.537339000 9.496049985 -0.258575380 -1.370971203 -3.184813499
1729 28.537339000 28.546478999 9.479755803 -0.049258724 -1.447634339 -3.052496195
1730 28.546478999 28.555466000 9.459665438 0.045707572 -1.527965784 -2.949952126
1731 28.555466000 28.564790999 9.423542678 0.070982769 -1.539037943 -2.673170805
1732 28.564790999 28.574204000 9.436215710 -0.072636083 -1.499493241 -2.449801683
1733 28.574204000 28.584104000 9.406612636 -0.267072856 -1.432989836 -2.232686996
1734 28.584104000 28.593968000 9.348357456 -0.392289609 -1.465827584 -2.050897360
1735 28.593968000 28.603577999 9.334741026 -0.335054278 -1.642081976 -1.852954745
1736 28.603577999 28.613117999 9.291744067 -0.226151124 -1.776706696 -1.592078924
1737 28.613117999 28.622956000 9.279700331 -0.110889785 -1.769024491 -1.335069537
1738 28.622956000 28.633408999 9.214515100 0.173257187 -1.792487383 -0.761943817
1739 28.633409999 28.644488999 9.119949890 0.468839556 -1.802660942 0.052940417
1740 28.644489999 28.656313000 9.025028999 0.455267459 -1.735894442 0.959919155
1741 28.656313000 28.668835000 8.941563801 0.351376355 -1.660159945 1.443064213
1742 28.668835000 28.681608000 8.898307607 0.241381392 -1.590517640 1.809374571
1743 28.681609000 28.694050000 8.841306097 0.251529425 -1.699793100 2.214166880
1744 28.694050000 28.705657999 8.855071625 0.445582449 -1.845084548 2.845244169
1745 28.705659000 28.716464000 8.865408299 0.622666419 -1.985577226 3.766269445
1746 28.716464999 28.726506999 8.859129307 0.749438643 -2.072997808 4.698527336
1747 28.726508000 28.735790000 8.857176900 0.794248700 -2.243947744 5.714437962
1748 28.735790000 28.744604000 8.843302974 0.748707831 -2.343584776 6.529191494
1749 28.744604000 28.753115000 8.841249509 0.718798101 -2.399875402 7.390713215
1750 28.753115999 28.761281000 8.890749642 0.667105377 -2.367299318 8.012428284
1751 28.761282000 28.769359000 8.878947062 0.569574594 -2.293958664 8.534593582
1752 28.769359000 28.777304999 8.827138191 0.431524366 -2.269315243 8.952790260
1753 28.777304999 28.785054999 8.851722982 0.276055843 -2.152426720 9.243766785
1754 28.785054999 28.792630000 8.881626097 0.128161401 -2.065162897 9.376588821
1755 28.792630999 28.800291999 8.878586348 -0.013587280 -1.853983760 9.295992851
1756 28.800293000 28.808118999 8.900351370 -0.003277631 -1.668289185 9.002585411
1757 28.808118999 28.816313999 8.924510393 0.033203777 -1.556654096 8.471974373
1758 28.816313999 28.824891999 8.961444465 0.178013891 -1.624921799 8.100227356
1759 28.824891999 28.833761000 8.989114322 0.333210319 -1.665881157 7.516575813
1760 28.833761999 28.842995000 9.014066207 0.526038826 -1.645933986 7.054599285
1761 28.842995000 28.852474999 9.046501947 0.621485591 -1.463748097 6.733189583
1762 28.852474999 28.862228000 9.063684729 0.546878874 -1.147606730 6.529490948
1763 28.862228000 28.872128000 9.114737538 0.367065936 -0.730278075 6.364502907
1764 28.872128000 28.882319999 9.118184019 0.213701889 -0.443150133 5.977366447
1765 28.882320999 28.892791999 9.163169834 0.163900807 -0.243093416 5.457993031
1766 28.892792999 28.903944000 9.162121178 0.152625591 -0.133843973 4.870365620
1767 28.903944000 28.916282999 9.210429118 0.167286485 -0.081721343 4.087779045
1768 28.916284000 28.931054999 9.194650766 0.190048307 -0.230321616 3.327866793
1769 28.931054999 28.948948999 9.170991794 0.108920284 -0.258737326 2.617839098
1770 28.948950999 28.972253999 9.109554747 -0.092230596 -0.062233984 1.761910319
1771 28.972253999 29.013981999 9.072667404 -0.167798415 0.149924293 0.466585279
1772 29.013981999 29.042613000 9.065881492 -0.228733227 0.560747445 -1.391728640
1773 29.042613000 29.059935999 9.040056135 -0.194995016 0.768472254 -2.942244053
1774 29.059936999 29.073585000 9.075068015 -0.256269157 0.693420053 -4.059582710
1775 29.073585000 29.085802000 9.057799945 -0.279632866 0.760481536 -4.846535206
1776 29.085802000 29.097146999 9.080141730 -0.293672800 0.904689610 -5.286635876
1777 29.097146999 29.107691000 9.105755471 -0.379938126 1.118965626 -5.747721672
1778 29.107691000 29.117775999 9.080403028 -0.408626586 1.285328507 -6.209543228
1779 29.117775999 29.127506000 9.091401511 -0.416649520 1.483064651 -6.476522923
1780 29.127506000 29.136865999 9.045810341 -0.381026804 1.706693172 -6.804224491
1781 29.136865999 29.145845999 9.012451187 -0.302877188 1.968893647 -7.285128593
1782 29.145847000 29.154628000 8.950963019 -0.142878309 2.155436516 -7.647000790
1783 29.154628999 29.163234000 8.926233630 0.071676992 2.297017097 -7.890750885
1784 29.163234000 29.171637000 8.892033488 0.290502608 2.412424088 -8.027253151
1785 29.171637000 29.179895999 8.863099889 0.536442339 2.474660873 -8.146207809
1786 29.179895999 29.187899999 8.866520166 0.689795077 2.472626925 -8.098220825
1787 29.187901000 29.195776000 8.914633994 0.793553829 2.468774557 -7.793405056
1788 29.195776000 29.203541000 8.920170776 0.900113702 2.490627766 -7.540923595
1789 29.203541000 29.211238000 8.964773207 0.952073038 2.613242388 -7.164896965
1790 29.211238000 29.218968000 8.966047899 1.026348591 2.699470758 -6.814207554
1791 29.218969000 29.226654000 8.967447617 1.082285404 2.780892611 -6.483668327
1792 29.226654000 29.234357000 8.949677332 1.118685365 2.834258795 -5.984812737
1793 29.234357000 29.242001000 8.944774954 1.217144608 2.915634632 -5.397938728
1794 29.242001000 29.249541999 8.968635528 1.235117316 3.010320902 -4.801586628
1795 29.249541999 29.257071999 8.989983331 1.326597095 2.953248024 -4.290782452
1796 29.257071999 29.264596000 9.024346086 1.368110895 2.866556644 -3.654080868
1797 29.264596000 29.272294999 9.036400963 1.572518706 2.547978163 -2.917960405
1798 29.272294999 29.280188000 9.084780157 1.726405978 2.153219938 -2.257588625
1799 29.280188999 29.288136999 9.129459309 1.992725849 1.697705865 -1.589697838
1800 29.288136999 29.295980999 9.149137069 2.210592747 1.301170349 -1.213647366
1801 29.295980999 29.303758999 9.191306056 2.428057671 0.994263232 -0.560146928
1802 29.303758999 29.311415000 9.245670516 2.470814943 0.874832630 -0.043548606
1803 29.311416000 29.319093000 9.287299231 2.457609653 0.821161449 0.419575393
1804 29.319093000 29.326922999 9.287859325 2.362994909 0.812962294 0.803920746
1805 29.326922999 29.334966999 9.333273006 2.244924545 0.767475009 1.251156092
1806 29.334968000 29.343288999 9.330082424 2.113707781 0.746698558 1.564415455
1807 29.343288999 29.351835000 9.326672633 2.027802706 0.750639319 2.001518965
1808 29.351835999 29.360539999 9.275714538 2.005804539 0.714300275 2.262660742
1809 29.360539999 29.369534000 9.231905800 1.931566954 0.689933658 2.565071583
1810 29.369534000 29.378861999 9.211545127 1.823162794 0.565939188 2.881447315
1811 29.378861999 29.389003000 9.144518752 1.650025487 0.317458302 3.204568863
1812 29.389003000 29.399753000 9.137731357 1.522339344 0.193626180 3.299263477
1813 29.399753000 29.411006999 9.114637012 1.347635865 0.197552249 3.448216200
1814 29.411008000 29.422521999 9.091921305 1.282069087 0.221132249 3.418634892
1815 29.422521999 29.434584999 9.062063241 1.214027643 0.100527540 3.434270144
1816 29.434589000 29.447450000 9.053174882 1.058383346 0.001961978 3.329160213
1817 29.447450999 29.461559999 9.007467366 0.868846238 -0.137968317 3.166057348
1818 29.461561000 29.476216999 8.955633165 0.730832577 -0.418053120 3.126616001
1819 29.476216999 29.490281999 8.862119713 0.656787336 -0.735968649 3.284560919
1820 29.490282999 29.503585999 8.797774626 0.600330949 -0.817493677 3.787475348
1821 29.503585999 29.516379999 8.780506782 0.286910653 -0.657384098 4.425026417
1822 29.516379999 29.528398999 8.732654554 -0.330301970 -0.455886692 4.800234318
1823 29.528398999 29.539346999 8.679299233 -1.035664439 -0.373331428 4.889599323
1824 29.539346999 29.549196999 8.620616325 -1.692246318 -0.378507376 4.823100090
1825 29.549196999 29.558005000 8.710239573 -2.155572176 -0.497994453 4.779832363
1826 29.558005000 29.566298000 8.783801554 -2.469618082 -0.570805073 4.609080315
1827 29.566298000 29.574082000 8.861524820 -2.624841928 -0.631128788 4.793113232
1828 29.574082000 29.581577000 8.920106964 -2.831796169 -0.611193597 4.869420528
1829 29.581577000 29.588866999 8.930758334 -3.004647255 -0.306898206 4.853331089
1830 29.588866999 29.595930000 8.962689232 -3.155481577 0.004542890 4.722362518
1831 29.595930000 29.602617999 9.050669912 -3.358195066 0.266531855 4.672358036
1832 29.602617999 29.609191999 9.021994855 -3.578394651 0.502750516 4.302489281
1833 29.609192999 29.615507999 9.110041471 -3.790434361 0.561616600 3.929769039
1834 29.615507999 29.621909999 9.156375127 -3.826454401 0.609880865 3.773231745
1835 29.621909999 29.628388000 9.176767840 -3.786794424 0.551768482 3.330877066
1836 29.628388000 29.635016999 9.223666889 -3.608707905 0.543953359 3.036846399
1837 29.635016999 29.641738000 9.300798967 -3.409359217 0.567666948 2.617532969
1838 29.641738000 29.648788999 9.258927296 -3.270375729 0.527562141 2.299561262
1839 29.648788999 29.656091000 9.261409260 -3.181573868 0.412582755 2.039547682
1840 29.656091000 29.663395999 9.260077080 -3.199281931 0.410467297 1.754027843
1841 29.663395999 29.670557000 9.251863400 -3.362742186 0.343581170 1.400359035
1842 29.670557999 29.677593999 9.227050835 -3.540567398 0.456784010 0.912740171
1843 29.677593999 29.684448000 9.219988319 -3.801642895 0.475974560 0.479308516
1844 29.684448000 29.691222000 9.186811113 -3.960395098 0.511433721 0.078023985
1845 29.691222000 29.698072999 9.100380749 -4.086346149 0.555201650 -0.398803860
1846 29.698072999 29.705069000 9.068069067 -3.986764193 0.707136154 -0.795681953
1847 29.705069000 29.712436000 8.998756345 -3.785057783 0.771884382 -1.258633137
1848 29.712436000 29.720426000 8.934699523 -3.457642317 0.776032686 -1.556672215
1849 29.720426000 29.729387000 8.828050126 -3.084547758 0.752013505 -1.714054704
1850 29.729387999 29.739547999 8.747658312 -2.653465986 0.788428605 -1.788972616
1851 29.739549000 29.751041999 8.645647911 -2.265627623 0.887826920 -2.006204605
1852 29.751043000 29.763632000 8.540999285 -2.046272993 0.929400980 -2.321046352
1853 29.763632000 29.776679000 8.415296464 -2.086782455 0.997389138 -2.702024698
1854 29.776679000 29.790257000 8.252195850 -2.086024046 1.074345589 -3.140686035
1855 29.790257000 29.805229000 8.139792871 -1.945186377 1.108166814 -3.252681971
1856 29.805229000 29.822929000 8.041087343 -1.585050344 1.307696223 -3.191587925
1857 29.822929999 29.843220000 8.044623405 -0.801841974 1.819245577 -3.175479412
1858 29.843220000 29.862262000 8.069728580 -0.090009816 2.186294317 -3.430309057
1859 29.862262000 29.880212999 8.065148252 0.217199996 2.246140480 -3.478709459
1860 29.880212999 29.897452000 8.109649790 0.232469365 2.268635035 -3.427621365
1861 29.897452999 29.914385999 8.100940318 0.393415868 2.219178915 -3.196602345
1862 29.914385999 29.929760000 8.121821674 0.751820683 2.288468122 -2.964426517
1863 29.929760999 29.942954999 8.129241095 1.225764275 2.385713339 -2.888679743
1864 29.942956000 29.954843000 8.132733000 1.554840207 2.310788393 -2.640303612
1865 29.954843000 29.965805999 8.215603434 1.682111979 2.321365833 -2.432294369
1866 29.965805999 29.975974999 8.340063061 1.733244300 2.436369658 -2.150861263
1867 29.975974999 29.985308000 8.454693293 1.706698537 2.703824282 -1.918647647
1868 29.985308000 29.994106999 8.535337234 1.752092719 2.825050831 -1.599156141
1869 29.994106999 30.002577000 8.597039083 1.800173640 2.698820114 -1.405121207
1870 30.002577000 30.010981000 8.708508658 1.906529069 2.462907076 -1.260297179
1871 30.010981000 30.019392999 8.737917887 1.980690241 2.141140461 -1.244731784
1872 30.019392999 30.027737000 8.783253548 2.044801712 1.858535290 -1.252752066
1873 30.027737999 30.036061000 8.827607102 2.109131098 1.562298298 -1.324483395
1874 30.036061000 30.044315000 8.870240977 2.094383955 1.491875291 -1.402712941
1875 30.044316000 30.052325000 8.910417416 2.183958292 1.476073861 -1.446461320
1876 30.052325000 30.060000999 8.940881337 2.310713768 1.478635192 -1.584480047
1877 30.060000999 30.067359000 8.978077801 2.497522593 1.426150918 -1.762207508
1878 30.067359000 30.074401999 9.011127556 2.718308449 1.355777860 -1.741046309
1879 30.074401999 30.081260999 9.047458846 2.856017828 1.315804362 -1.701871037
1880 30.081260999 30.087932999 9.083008264 2.961441517 1.277339101 -1.669289470
1881 30.087932999 30.094602999 9.124692725 2.973941088 1.236833215 -1.595847249
1882 30.094602999 30.101229000 9.183853319 2.905041933 1.216634274 -1.392276883
1883 30.101229000 30.107894000 9.206676413 2.916797876 0.991612732 -0.969976842
1884 30.107894000 30.114763000 9.261719431 2.753090620 0.862852752 -0.787545621
1885 30.114763000 30.121777999 9.324057591 2.653805733 0.628205776 -0.505410016
1886 30.121777999 30.128874000 9.385633083 2.634648323 0.327057481 -0.106048845
1887 30.128874000 30.136006000 9.345968771 2.683635473 0.165244803 0.280613095
1888 30.136006000 30.142999000 9.343950581 2.868267059 0.032195881 0.477497160
1889 30.142999000 30.149939000 9.342159043 2.924556494 -0.060830649 0.744276881
1890 30.149939000 30.157004999 9.351624051 2.923764944 -0.165044069 0.942994177
1891 30.157006000 30.164287999 9.349173169 2.802508593 -0.271791458 1.368560553
1892 30.164289000 30.171741000 9.368852982 2.684187174 -0.292579204 1.657893062
1893 30.171741000 30.179588000 9.313738070 2.558092117 -0.209912166 1.848784566
1894 30.179588000 30.187623000 9.273013129 2.471580029 -0.124780260 2.145592928
1895 30.187623000 30.195959999 9.289297889 2.324748755 -0.068684660 2.539188623
1896 30.195959999 30.204560999 9.238305744 2.216146469 -0.135416165 3.008768559
1897 30.204562000 30.213228999 9.163467756 2.240835905 -0.341840744 3.518501759
1898 30.213230000 30.221712000 9.140319311 2.304255486 -0.632145524 3.947741985
1899 30.221713000 30.230426000 9.072469085 2.213108063 -0.886712551 4.512470722
1900 30.230426000 30.239318000 9.022087437 1.945250869 -1.076665640 5.040497780
1901 30.239319000 30.248345999 9.001335926 1.567231894 -1.185075283 5.656919003
1902 30.248347000 30.257350999 8.966882414 1.124871969 -1.256518483 6.149066448
1903 30.257350999 30.266148000 8.963129354 0.663956225 -1.269872427 6.617110252
1904 30.266148999 30.274734000 8.970693601 0.216932148 -1.262253046 7.049520969
1905 30.274734000 30.283067000 8.999369079 -0.123471141 -1.295972109 7.261593819
1906 30.283067000 30.291265999 8.970719050 -0.344285816 -1.326951623 7.461954594
1907 30.291266999 30.299329999 8.966576031 -0.445286095 -1.349608183 7.591920853
1908 30.299329999 30.307244000 8.985330981 -0.562059999 -1.386443019 7.590564728
1909 30.307244000 30.315223999 8.976141841 -0.663990796 -1.412357330 7.545943260
1910 30.315223999 30.323101000 8.971084202 -0.877154708 -1.390830040 7.559596539
1911 30.323101000 30.331096000 8.925811963 -1.128006220 -1.390831113 7.494675159
1912 30.331096000 30.339230999 8.867037692 -1.439336419 -1.248753190 7.332850933
1913 30.339230999 30.347431999 8.826003455 -1.766062498 -0.967508733 7.130170822
1914 30.347431999 30.355794000 8.756417677 -2.105025530 -0.574571848 6.702970505
1915 30.355794000 30.364161000 8.731531845 -2.304777861 -0.134961009 6.182936192
1916 30.364161000 30.372731000 8.767586621 -2.302961349 0.175541058 5.738157272
1917 30.372731000 30.381857000 8.778573253 -2.079118729 0.384379834 5.080042839
1918 30.381857000 30.391328999 8.900449945 -1.889569759 0.540224731 4.356993198
1919 30.391328999 30.401130999 8.946070057 -1.784581542 0.654412746 3.534559727
1920 30.401130999 30.410848000 9.045916060 -1.875647783 0.772312462 2.722210646
1921 30.410848999 30.420073999 9.136373685 -2.173776865 0.883601069 1.842205763
1922 30.420073999 30.428603000 9.174831742 -2.542915344 1.019834399 1.025605202
1923 30.428603999 30.436590999 9.217329080 -2.794454336 1.193086982 0.275387049
1924 30.436590999 30.444442000 9.249745604 -2.911503315 1.243885756 -0.254356414
1925 30.444442000 30.452317999 9.245715203 -2.885600090 1.299472094 -0.815145671
1926 30.452317999 30.460432000 9.266313479 -2.725525379 1.379323006 -1.221011996
1927 30.460433000 30.469011000 9.255637067 -2.451056242 1.448758364 -1.413510919
1928 30.469011999 30.477915000 9.259960765 -2.151747704 1.644676685 -1.824400783
1929 30.477915000 30.487242999 9.231602301 -1.880021930 1.811272025 -2.112162828
1930 30.487244000 30.497171000 9.147408566 -1.690378904 1.778407335 -2.614736080
1931 30.497171000 30.508538000 9.047476147 -1.627932429 1.615338087 -3.108942032
1932 30.508538999 30.519097999 9.026729843 -1.753342152 1.519576907 -3.756641865
1933 30.519099000 30.529096999 8.936900914 -1.980837345 1.593565583 -4.347187996
1934 30.529096999 30.538955000 8.881114584 -2.056606054 1.702151895 -4.969810009
1935 30.538955000 30.549087999 8.800628412 -1.885329843 1.783638000 -5.506961823
1936 30.549087999 30.559587999 8.747948772 -1.521951556 1.796192884 -5.999653339
1937 30.559587999 30.570444000 8.750759011 -0.936601937 1.873480678 -6.188905239
1938 30.570444000 30.581572000 8.710189258 -0.290727913 1.952690959 -6.243422031
1939 30.581572000 30.592372000 8.657593308 0.060960449 2.062390327 -6.191851139
1940 30.592372000 30.603085999 8.617426931 0.177851528 2.180709362 -6.105872631
1941 30.603085999 30.613807999 8.652045171 0.134782881 2.235000610 -5.977153301
1942 30.613807999 30.624493000 8.686148888 0.059001215 2.248862267 -5.841158867
1943 30.624493000 30.635139000 8.673533846 0.109093413 2.224709749 -5.648683071
1944 30.635139000 30.645701999 8.683967287 0.303201884 2.129408598 -5.215437889
1945 30.645701999 30.656049000 8.724563646 0.510567963 2.073641300 -4.865879536
1946 30.656049000 30.666322000 8.704366747 0.753722250 1.951706886 -4.430647850
1947 30.666322000 30.676461000 8.716502346 0.997801363 1.829977512 -3.951693296
1948 30.676461999 30.686163999 8.676247023 1.244798541 1.900982738 -3.335599422
1949 30.686163999 30.695019999 8.741766225 1.552433968 2.174566031 -2.718367338
1950 30.695019999 30.703051000 8.851775119 1.912435532 2.310017347 -2.174565077
1951 30.703051000 30.710501999 8.938780294 2.169636250 2.499953032 -1.731887460
1952 30.710501999 30.717553999 8.984245381 2.344856501 2.582989216 -1.012389183
1953 30.717555000 30.724471999 9.026560600 2.412666798 2.577563047 -0.627783954
1954 30.724473000 30.731442999 9.049998015 2.384029627 2.365391254 -0.211157113
1955 30.731442999 30.738688999 9.098869987 2.336805820 2.037544727 0.193470016
1956 30.738688999 30.746062999 9.168204556 2.247138023 1.664756060 0.443723917
1957 30.746062999 30.753686000 9.221022122 2.171187639 1.377606273 0.742233694
1958 30.753686000 30.761256000 9.284201789 2.244785070 1.279399276 0.972674906
1959 30.761256000 30.768740999 9.277634329 2.329365492 1.263653040 1.131409049
1960 30.768740999 30.776009999 9.277855559 2.479195833 1.155350327 1.431142807
1961 30.776009999 30.783267999 9.303686211 2.518049479 1.042184949 1.827039003
1962 30.783267999 30.790336999 9.341235033 2.619002342 0.950493038 2.138096094
1963 30.790337999 30.797468999 9.304621646 2.650102615 0.846956968 2.490224838
1964 30.797468999 30.804552999 9.285830893 2.699556828 0.801406205 2.890054703
1965 30.804554000 30.811649000 9.289734675 2.676608324 0.840145767 3.091725588
1966 30.811649000 30.818851999 9.264507287 2.598477602 0.964548409 3.277989864
1967 30.818851999 30.826244999 9.238738445 2.481404066 1.026732922 3.483174086
1968 30.826244999 30.833950000 9.204322940 2.341512203 0.921542287 3.576252937
1969 30.833950000 30.842212000 9.197155968 2.206930637 0.593049526 3.692219734
1970 30.842212000 30.851109999 9.208722674 2.019954681 0.106990822 3.812560558
1971 30.851109999 30.860347000 9.199441844 1.841061115 -0.434570998 4.046145916
1972 30.860347000 30.869700999 9.129947071 1.631046414 -0.789117217 4.433172703
1973 30.869700999 30.879176000 9.131868647 1.448518872 -0.897529006 4.876674652
1974 30.879176000 30.888750999 9.084807258 1.231895685 -0.789325893 5.258457184
1975 30.888750999 30.898389000 9.027935029 0.998131454 -0.767980516 5.703158379
1976 30.898389000 30.907971999 8.965721574 0.848515034 -0.821843684 5.993365765
1977 30.907971999 30.917568000 8.973006395 0.644634783 -0.671538293 6.192833900
1978 30.917568999 30.927573999 8.919310137 0.342275888 -0.349773139 6.138818264
1979 30.927573999 30.937769999 8.889851721 0.003060536 -0.023121005 5.909983158
1980 30.937770999 30.947822000 8.931953950 -0.347654253 0.095941596 5.634473801
1981 30.947822999 30.957874000 8.913712996 -0.627839029 -0.045869045 5.439994335
1982 30.957874000 30.967584000 8.995347388 -0.694780946 -0.122867867 5.228150845
1983 30.967584999 30.977319000 8.998464174 -0.747113407 0.006544701 5.175224781
1984 30.977319000 30.986975999 8.998476842 -0.728572428 0.294736028 4.999559879
1985 30.986977000 30.996721999 9.003946515 -0.763018787 0.590391874 4.349755764
1986 30.996721999 31.006835999 9.035611812 -0.676085949 0.793578267 3.606135845
1987 31.006835999 31.017934000 9.109592149 -0.479527920 0.862027586 2.628264427
1988 31.017934000 31.031837999 9.239179398 -0.103570603 0.818326175 1.400415301
1989 31.031837999 31.051065999 9.416936181 -0.013329725 0.711352348 -0.084373951
1990 31.051065999 31.071241999 9.511073280 -0.454625815 0.253674418 -1.880775452
1991 31.071243000 31.084963999 9.231571123 -0.872108579 0.017940991 -2.904220819
1992 31.084963999 31.096580999 9.297403389 -1.119556785 0.174110770 -3.559200764
1993 31.096580999 31.107075000 9.312781457 -1.345694423 0.283390671 -3.920402050
1994 31.107075000 31.116651000 9.350435387 -1.607572436 0.311873704 -4.281168461
1995 31.116651000 31.125466999 9.369685137 -1.927015781 0.193770483 -4.414348602
1996 31.125466999 31.133710999 9.376025127 -2.181514025 0.051381126 -4.391803265
1997 31.133710999 31.141311999 9.415736668 -2.518422365 -0.188341618 -4.266059875
1998 31.141311999 31.148588000 9.399305410 -2.839833021 -0.347300678 -4.052015781
1999 31.148589000 31.155390000 9.368848780 -3.136123419 -0.461574346 -3.954222918
2000 31.155390000 31.161754000 9.392066355 -3.516351461 -0.495415986 -3.920013428
2001 31.161754000 31.167807999 9.374250932 -3.903699875 -0.516170740 -3.851810455
2002 31.167807999 31.173768999 9.279044246 -4.217139721 -0.468453735 -3.753071785
2003 31.173769999 31.179495999 9.276819260 -4.493549824 -0.382653564 -3.694831848
2004 31.179496999 31.185060999 9.233821725 -4.647380352 -0.278820008 -3.591979265
2005 31.185060999 31.190697999 9.212805559 -4.797081947 -0.210528970 -3.542947769
2006 31.190697999 31.196209000 9.213969709 -4.824626923 -0.191780895 -3.460618496
2007 31.196209000 31.201767000 9.231269256 -4.640494347 -0.058124714 -3.346424341
2008 31.201767000 31.207605999 9.143195326 -4.387023449 -0.113383107 -3.068032265
2009 31.207605999 31.213898999 9.133599022 -3.984339714 -0.055391110 -2.756012440
2010 31.213898999 31.221051999 9.107451204 -3.333344936 -0.037778918 -2.517898321
2011 31.221051999 31.229812000 9.059598392 -2.521903515 -0.078744315 -2.080347061
2012 31.229812000 31.241306000 9.091237708 -1.643870234 -0.263460904 -1.670843601
2013 31.241306000 31.254587999 9.008890649 -1.261650681 -0.637688339 -1.285640597
2014 31.254587999 31.266700999 8.888216696 -1.478745461 -0.913465083 -0.968942761
2015 31.266700999 31.277250000 8.811719300 -1.996001482 -0.991493165 -0.688879251
2016 31.277250000 31.286914000 8.711155962 -2.515511036 -0.995147943 -0.482781231
2017 31.286914999 31.296314999 8.567960652 -2.770055771 -0.977404296 -0.249453917
2018 31.296316000 31.306215999 8.483793121 -2.671426058 -0.991853416 -0.013736388
2019 31.306215999 31.317774999 8.390136127 -2.197236061 -0.986047208 0.203332976
2020 31.317774999 31.336421999 8.385223879 -1.148442745 -0.713441968 0.370795429
2021 31.336421999 31.368059000 8.727264616 0.914864898 -0.348780215 0.433444411
2022 31.368061000 31.384145000 8.376559226 1.497764587 -0.474494070 0.647952616
2023 31.384145000 31.398014999 8.443599697 1.826815844 -0.379709572 0.770378947
2024 31.398014999 31.410861000 8.479038934 2.012108564 -0.151434079 0.940613508
2025 31.410861000 31.422567999 8.582358104 2.203722477 0.107667625 1.135198593
2026 31.422567999 31.432971999 8.667712521 2.483133793 0.294582248 1.284794211
2027 31.432971999 31.442287999 8.739886484 2.792646885 0.427432626 1.198909283
2028 31.442287999 31.450583000 8.816428152 3.146313429 0.379123688 1.142468810
2029 31.450583999 31.458066000 8.856933592 3.567478657 0.430250645 0.984420121
2030 31.458066000 31.464778999 8.931340181 3.988306046 0.323260754 0.759856403
2031 31.464778999 31.470958999 8.977293434 4.457376957 0.223809630 0.854286551
2032 31.470958999 31.476748999 8.980921231 4.843001842 0.132072836 0.652227223
2033 31.476748999 31.482309999 9.006852526 5.142013073 0.020908948 0.729907691
2034 31.482309999 31.487816999 8.981779454 5.350424290 -0.107254855 0.724801779
2035 31.487816999 31.493191999 9.028765341 5.431103230 -0.167292714 0.761757016
2036 31.493191999 31.498674999 9.015961028 5.429853916 -0.120547555 0.726236343
2037 31.498674999 31.504226000 9.063352473 5.328204632 -0.057459038 0.638516963
2038 31.504226999 31.509889000 9.079898029 5.061496735 0.023974612 0.775987327
2039 31.509889000 31.515624999 9.169017841 4.751861095 0.121079750 0.685544670
2040 31.515625999 31.521650000 9.209372118 4.337703705 0.150948241 0.599098921
2041 31.521650999 31.528088000 9.251685282 3.911705017 0.215511948 0.469085425
2042 31.528089000 31.534992000 9.223741021 3.484535456 0.177198455 0.408412158
2043 31.534992000 31.542301999 9.216278380 3.242965698 0.139320999 0.275758117
2044 31.542301999 31.549841999 9.117366954 3.114461899 0.071123838 0.297566265
2045 31.549841999 31.557458000 9.041886882 3.147056818 -0.007205681 0.180512056
2046 31.557458000 31.565162999 8.964018408 3.128796816 -0.026943818 0.347699732
2047 31.565162999 31.573163000 8.871795988 3.106155157 -0.086381674 0.535935163
2048 31.573163999 31.581440999 8.779084182 3.024859428 -0.152235344 0.648706555
2049 31.581442000 31.590488999 8.670317675 2.815138340 -0.298646063 0.657194555
2050 31.590488999 31.600670999 8.595149356 2.428441763 -0.315567493 0.550835907
2051 31.600670999 31.613688999 8.541931285 1.766528010 -0.259787023 0.424574018
2052 31.613689999 31.649708000 9.000141674 0.804419994 -0.160707444 0.124214090
2053 31.649708000 31.666696999 8.222650816 -1.288365960 0.343096316 0.267996728
2054 31.666698000 31.677027000 8.610776583 -2.327555895 0.574837148 0.264798641
2055 31.677027000 31.685327999 8.749586034 -3.071759701 0.715156853 0.278217912
2056 31.685327999 31.692523999 8.840085356 -3.724721193 0.771709025 0.242264912
2057 31.692523999 31.699069000 8.922497929 -4.152869225 0.835082233 0.133078933
2058 31.699069000 31.705094000 9.037379706 -4.565725327 0.812927723 0.146722570
2059 31.705094000 31.710779999 9.118687249 -4.811427116 0.875620484 -0.052997004
2060 31.710779999 31.716197999 9.209610898 -5.055482388 0.858330905 0.010793098
2061 31.716197999 31.721477999 9.241393480 -5.175886154 0.904500723 -0.285728574
2062 31.721477999 31.726691999 9.258164819 -5.341896534 0.813609123 -0.397761226
